=== Classification Results (d=25) ===

=== Type 0 === (Count: 0)

=== Type 1 === (Count: 9)
[ 5 5 5 5 5 ] [ 5 5 5 5 5 ] [ 9 1 1 1 1 1 1 1 1 1 1 1 1 1 1 1 1 ]
[ 5 5 5 5 5 ] [ 6 1 1 1 1 1 1 1 1 1 1 1 1 1 1 1 1 1 1 1 ] [ 15 10 ]
[ 5 5 5 5 5 ] [ 6 1 1 1 1 1 1 1 1 1 1 1 1 1 1 1 1 1 1 1 ] [ 20 5 ]
[ 5 5 5 5 5 ] [ 7 1 1 1 1 1 1 1 1 1 1 1 1 1 1 1 1 1 1 ] [ 10 10 5 ]
[ 5 5 5 5 5 ] [ 7 1 1 1 1 1 1 1 1 1 1 1 1 1 1 1 1 1 1 ] [ 15 5 5 ]
[ 5 5 5 5 5 ] [ 8 1 1 1 1 1 1 1 1 1 1 1 1 1 1 1 1 1 ] [ 10 5 5 5 ]
[ 6 1 1 1 1 1 1 1 1 1 1 1 1 1 1 1 1 1 1 1 ] [ 10 5 5 5 ] [ 10 10 5 ]
[ 6 1 1 1 1 1 1 1 1 1 1 1 1 1 1 1 1 1 1 1 ] [ 10 5 5 5 ] [ 15 5 5 ]
[ 7 1 1 1 1 1 1 1 1 1 1 1 1 1 1 1 1 1 1 ] [ 10 5 5 5 ] [ 10 5 5 5 ]

=== Type 2 === (Count: 12)
[ 5 5 5 5 5 ] [ 5 5 5 5 5 ] [ 6 2 2 2 1 1 1 1 1 1 1 1 1 1 1 1 1 ]
[ 5 5 5 5 5 ] [ 5 5 5 5 5 ] [ 6 3 2 1 1 1 1 1 1 1 1 1 1 1 1 1 1 ]
[ 5 5 5 5 5 ] [ 5 5 5 5 5 ] [ 6 4 1 1 1 1 1 1 1 1 1 1 1 1 1 1 1 ]
[ 5 5 5 5 5 ] [ 5 5 5 5 5 ] [ 7 2 2 1 1 1 1 1 1 1 1 1 1 1 1 1 1 ]
[ 5 5 5 5 5 ] [ 5 5 5 5 5 ] [ 7 3 1 1 1 1 1 1 1 1 1 1 1 1 1 1 1 ]
[ 5 5 5 5 5 ] [ 5 5 5 5 5 ] [ 8 2 1 1 1 1 1 1 1 1 1 1 1 1 1 1 1 ]
[ 5 5 5 5 5 ] [ 6 2 1 1 1 1 1 1 1 1 1 1 1 1 1 1 1 1 1 ] [ 10 10 5 ]
[ 5 5 5 5 5 ] [ 6 2 1 1 1 1 1 1 1 1 1 1 1 1 1 1 1 1 1 ] [ 15 5 5 ]
[ 5 5 5 5 5 ] [ 6 2 2 1 1 1 1 1 1 1 1 1 1 1 1 1 1 1 ] [ 10 5 5 5 ]
[ 5 5 5 5 5 ] [ 6 3 1 1 1 1 1 1 1 1 1 1 1 1 1 1 1 1 ] [ 10 5 5 5 ]
[ 5 5 5 5 5 ] [ 7 2 1 1 1 1 1 1 1 1 1 1 1 1 1 1 1 1 ] [ 10 5 5 5 ]
[ 6 2 1 1 1 1 1 1 1 1 1 1 1 1 1 1 1 1 1 ] [ 10 5 5 5 ] [ 10 5 5 5 ]

=== Type 3 === (Count: 6)
[ 2 2 2 2 2 2 2 2 2 2 2 2 1 ] [ 3 3 3 3 3 3 3 3 1 ] [ 5 5 5 5 5 ]
[ 2 2 2 2 2 2 2 2 2 2 2 2 1 ] [ 5 5 5 5 5 ] [ 7 4 2 2 2 2 2 2 2 ]
[ 2 2 2 2 2 2 2 2 2 2 2 2 1 ] [ 5 5 5 5 5 ] [ 9 2 2 2 2 2 2 2 2 ]
[ 2 2 2 2 2 2 2 2 2 2 2 2 1 ] [ 7 2 2 2 2 2 2 2 2 2 ] [ 10 5 5 5 ]
[ 3 2 2 2 2 2 2 2 2 2 2 2 ] [ 5 5 5 5 5 ] [ 7 2 2 2 2 2 2 2 2 2 ]
[ 4 2 2 2 2 2 2 2 2 2 2 1 ] [ 5 5 5 5 5 ] [ 7 2 2 2 2 2 2 2 2 2 ]

=== End of Results ===
