=== Classification Results (d=12) ===

=== Type 0 === (Count: 4)
[ 2 2 2 2 2 2 ] [ 3 3 3 3 ] [ 7 5 ]
[ 2 2 2 2 2 2 ] [ 4 4 4 ] [ 5 4 3 ]
[ 2 2 2 2 2 2 ] [ 5 3 2 2 ] [ 6 6 ]
[ 3 3 3 3 ] [ 3 3 3 3 ] [ 4 3 3 2 ]

=== Type 1 === (Count: 27)
[ 2 2 2 2 2 2 ] [ 2 2 2 2 2 2 ] [ 11 1 ]
[ 2 2 2 2 2 2 ] [ 4 2 2 2 2 ] [ 10 1 1 ]
[ 2 2 2 2 2 2 ] [ 4 4 2 2 ] [ 9 1 1 1 ]
[ 2 2 2 2 2 2 ] [ 4 4 4 ] [ 8 1 1 1 1 ]
[ 2 2 2 2 2 2 ] [ 6 2 2 2 ] [ 9 1 1 1 ]
[ 2 2 2 2 2 2 ] [ 6 4 2 ] [ 8 1 1 1 1 ]
[ 2 2 2 2 2 2 ] [ 6 6 ] [ 7 1 1 1 1 1 ]
[ 2 2 2 2 2 2 ] [ 7 1 1 1 1 1 ] [ 8 4 ]
[ 2 2 2 2 2 2 ] [ 7 1 1 1 1 1 ] [ 10 2 ]
[ 2 2 2 2 2 2 ] [ 8 1 1 1 1 ] [ 8 2 2 ]
[ 3 1 1 1 1 1 1 1 1 1 ] [ 6 6 ] [ 6 6 ]
[ 3 3 3 3 ] [ 3 3 3 3 ] [ 7 1 1 1 1 1 ]
[ 3 3 3 3 ] [ 5 1 1 1 1 1 1 1 ] [ 6 6 ]
[ 3 3 3 3 ] [ 5 1 1 1 1 1 1 1 ] [ 9 3 ]
[ 3 3 3 3 ] [ 6 1 1 1 1 1 1 ] [ 6 3 3 ]
[ 4 1 1 1 1 1 1 1 1 ] [ 4 4 4 ] [ 8 4 ]
[ 4 2 2 2 2 ] [ 4 2 2 2 2 ] [ 9 1 1 1 ]
[ 4 2 2 2 2 ] [ 4 4 2 2 ] [ 8 1 1 1 1 ]
[ 4 2 2 2 2 ] [ 4 4 4 ] [ 7 1 1 1 1 1 ]
[ 4 2 2 2 2 ] [ 6 2 2 2 ] [ 8 1 1 1 1 ]
[ 4 2 2 2 2 ] [ 6 4 2 ] [ 7 1 1 1 1 1 ]
[ 4 2 2 2 2 ] [ 7 1 1 1 1 1 ] [ 8 2 2 ]
[ 4 4 2 2 ] [ 4 4 2 2 ] [ 7 1 1 1 1 1 ]
[ 4 4 2 2 ] [ 6 2 2 2 ] [ 7 1 1 1 1 1 ]
[ 4 4 4 ] [ 4 4 4 ] [ 5 1 1 1 1 1 1 1 ]
[ 5 1 1 1 1 1 1 1 ] [ 6 3 3 ] [ 6 3 3 ]
[ 6 2 2 2 ] [ 6 2 2 2 ] [ 7 1 1 1 1 1 ]

=== Type 2 === (Count: 37)
[ 2 2 2 2 2 2 ] [ 2 2 2 2 2 2 ] [ 7 5 ]
[ 2 2 2 2 2 2 ] [ 2 2 2 2 2 2 ] [ 8 4 ]
[ 2 2 2 2 2 2 ] [ 2 2 2 2 2 2 ] [ 9 3 ]
[ 2 2 2 2 2 2 ] [ 2 2 2 2 2 2 ] [ 10 2 ]
[ 2 2 2 2 2 2 ] [ 4 2 2 2 2 ] [ 4 4 4 ]
[ 2 2 2 2 2 2 ] [ 4 2 2 2 2 ] [ 5 4 3 ]
[ 2 2 2 2 2 2 ] [ 4 2 2 2 2 ] [ 5 5 2 ]
[ 2 2 2 2 2 2 ] [ 4 2 2 2 2 ] [ 7 3 2 ]
[ 2 2 2 2 2 2 ] [ 4 2 2 2 2 ] [ 7 4 1 ]
[ 2 2 2 2 2 2 ] [ 4 2 2 2 2 ] [ 8 2 2 ]
[ 2 2 2 2 2 2 ] [ 4 2 2 2 2 ] [ 8 3 1 ]
[ 2 2 2 2 2 2 ] [ 4 2 2 2 2 ] [ 9 2 1 ]
[ 2 2 2 2 2 2 ] [ 4 4 2 2 ] [ 4 4 3 1 ]
[ 2 2 2 2 2 2 ] [ 4 4 2 2 ] [ 5 3 2 2 ]
[ 2 2 2 2 2 2 ] [ 4 4 2 2 ] [ 7 2 2 1 ]
[ 2 2 2 2 2 2 ] [ 4 4 2 2 ] [ 7 3 1 1 ]
[ 2 2 2 2 2 2 ] [ 4 4 2 2 ] [ 8 2 1 1 ]
[ 2 2 2 2 2 2 ] [ 4 4 3 1 ] [ 6 2 2 2 ]
[ 2 2 2 2 2 2 ] [ 4 4 4 ] [ 7 2 1 1 1 ]
[ 2 2 2 2 2 2 ] [ 5 3 2 2 ] [ 6 2 2 2 ]
[ 2 2 2 2 2 2 ] [ 6 2 2 2 ] [ 7 2 2 1 ]
[ 2 2 2 2 2 2 ] [ 6 2 2 2 ] [ 7 3 1 1 ]
[ 2 2 2 2 2 2 ] [ 6 2 2 2 ] [ 8 2 1 1 ]
[ 2 2 2 2 2 2 ] [ 6 4 2 ] [ 7 2 1 1 1 ]
[ 2 2 2 2 2 2 ] [ 7 2 1 1 1 ] [ 8 2 2 ]
[ 3 3 3 3 ] [ 3 3 3 3 ] [ 5 2 2 1 1 1 ]
[ 3 3 3 3 ] [ 3 3 3 3 ] [ 5 3 1 1 1 1 ]
[ 3 3 3 3 ] [ 3 3 3 3 ] [ 6 2 1 1 1 1 ]
[ 3 3 3 3 ] [ 5 2 1 1 1 1 1 ] [ 6 3 3 ]
[ 4 2 1 1 1 1 1 1 ] [ 4 4 4 ] [ 4 4 4 ]
[ 4 2 2 2 2 ] [ 4 2 2 2 2 ] [ 4 4 3 1 ]
[ 4 2 2 2 2 ] [ 4 2 2 2 2 ] [ 5 3 2 2 ]
[ 4 2 2 2 2 ] [ 4 2 2 2 2 ] [ 7 2 2 1 ]
[ 4 2 2 2 2 ] [ 4 2 2 2 2 ] [ 7 3 1 1 ]
[ 4 2 2 2 2 ] [ 4 2 2 2 2 ] [ 8 2 1 1 ]
[ 4 2 2 2 2 ] [ 4 4 2 2 ] [ 7 2 1 1 1 ]
[ 4 2 2 2 2 ] [ 6 2 2 2 ] [ 7 2 1 1 1 ]

=== Type 3 === (Count: 27)
[ 2 2 2 2 2 2 ] [ 3 2 2 2 2 1 ] [ 6 6 ]
[ 2 2 2 2 2 2 ] [ 3 3 2 2 2 ] [ 6 3 3 ]
[ 2 2 2 2 2 2 ] [ 3 3 2 2 2 ] [ 6 4 2 ]
[ 2 2 2 2 2 2 ] [ 3 3 2 2 2 ] [ 6 5 1 ]
[ 2 2 2 2 2 2 ] [ 3 3 3 1 1 1 ] [ 6 6 ]
[ 2 2 2 2 2 2 ] [ 3 3 3 2 1 ] [ 4 4 4 ]
[ 2 2 2 2 2 2 ] [ 3 3 3 2 1 ] [ 5 5 2 ]
[ 2 2 2 2 2 2 ] [ 3 3 3 3 ] [ 4 3 3 2 ]
[ 2 2 2 2 2 2 ] [ 3 3 3 3 ] [ 4 4 3 1 ]
[ 2 2 2 2 2 2 ] [ 3 3 3 3 ] [ 5 3 2 2 ]
[ 2 2 2 2 2 2 ] [ 3 3 3 3 ] [ 5 3 3 1 ]
[ 2 2 2 2 2 2 ] [ 3 3 3 3 ] [ 5 4 2 1 ]
[ 2 2 2 2 2 2 ] [ 3 3 3 3 ] [ 6 2 2 2 ]
[ 2 2 2 2 2 2 ] [ 3 3 3 3 ] [ 6 4 1 1 ]
[ 2 2 2 2 2 2 ] [ 3 3 3 3 ] [ 7 2 2 1 ]
[ 2 2 2 2 2 2 ] [ 3 3 3 3 ] [ 7 3 1 1 ]
[ 2 2 2 2 2 2 ] [ 4 3 3 1 1 ] [ 6 3 3 ]
[ 2 2 2 2 2 2 ] [ 4 4 1 1 1 1 ] [ 7 5 ]
[ 2 2 2 2 2 2 ] [ 4 4 2 1 1 ] [ 4 4 4 ]
[ 2 2 2 2 2 2 ] [ 4 4 4 ] [ 5 2 2 2 1 ]
[ 2 2 2 2 2 2 ] [ 5 2 2 2 1 ] [ 6 3 3 ]
[ 2 2 2 2 2 2 ] [ 5 3 2 2 ] [ 5 5 1 1 ]
[ 2 2 2 2 2 2 ] [ 5 4 1 1 1 ] [ 5 5 2 ]
[ 3 2 2 2 2 1 ] [ 3 3 3 3 ] [ 3 3 3 3 ]
[ 3 3 2 2 2 ] [ 3 3 3 3 ] [ 4 2 2 2 2 ]
[ 3 3 3 3 ] [ 4 2 2 2 2 ] [ 4 3 3 1 1 ]
[ 3 3 3 3 ] [ 4 2 2 2 2 ] [ 5 2 2 2 1 ]

=== End of Results ===
