=== Classification Results (d=8) ===

=== Type 0 === (Count: 1)
[ 2 2 2 2 ] [ 4 4 ] [ 5 3 ]

=== Type 1 === (Count: 6)
[ 2 2 2 2 ] [ 2 2 2 2 ] [ 7 1 ]
[ 2 2 2 2 ] [ 4 2 2 ] [ 6 1 1 ]
[ 2 2 2 2 ] [ 4 4 ] [ 5 1 1 1 ]
[ 2 2 2 2 ] [ 5 1 1 1 ] [ 6 2 ]
[ 3 1 1 1 1 1 ] [ 4 4 ] [ 4 4 ]
[ 4 2 2 ] [ 4 2 2 ] [ 5 1 1 1 ]

=== Type 2 === (Count: 4)
[ 2 2 2 2 ] [ 2 2 2 2 ] [ 5 3 ]
[ 2 2 2 2 ] [ 2 2 2 2 ] [ 6 2 ]
[ 2 2 2 2 ] [ 3 3 2 ] [ 4 2 2 ]
[ 2 2 2 2 ] [ 4 2 2 ] [ 5 2 1 ]

=== Type 3 === (Count: 3)
[ 2 2 2 2 ] [ 3 2 2 1 ] [ 4 4 ]
[ 2 2 2 2 ] [ 3 3 1 1 ] [ 5 3 ]
[ 2 2 2 2 ] [ 3 3 2 ] [ 4 3 1 ]

=== End of Results ===
