=== Classification Results (d=16) ===

=== Type 0 === (Count: 7)
[ 2 2 2 2 2 2 2 2 ] [ 3 3 3 3 3 1 ] [ 8 8 ]
[ 2 2 2 2 2 2 2 2 ] [ 4 4 4 4 ] [ 5 4 4 3 ]
[ 2 2 2 2 2 2 2 2 ] [ 4 4 4 4 ] [ 5 5 5 1 ]
[ 2 2 2 2 2 2 2 2 ] [ 4 4 4 4 ] [ 6 6 3 1 ]
[ 2 2 2 2 2 2 2 2 ] [ 4 4 4 4 ] [ 7 3 3 3 ]
[ 2 2 2 2 2 2 2 2 ] [ 4 4 4 4 ] [ 7 5 2 2 ]
[ 2 2 2 2 2 2 2 2 ] [ 5 3 2 2 2 2 ] [ 8 8 ]

=== Type 1 === (Count: 68)
[ 2 2 2 2 2 2 2 2 ] [ 2 2 2 2 2 2 2 2 ] [ 15 1 ]
[ 2 2 2 2 2 2 2 2 ] [ 4 2 2 2 2 2 2 ] [ 14 1 1 ]
[ 2 2 2 2 2 2 2 2 ] [ 4 4 2 2 2 2 ] [ 13 1 1 1 ]
[ 2 2 2 2 2 2 2 2 ] [ 4 4 4 2 2 ] [ 12 1 1 1 1 ]
[ 2 2 2 2 2 2 2 2 ] [ 4 4 4 4 ] [ 11 1 1 1 1 1 ]
[ 2 2 2 2 2 2 2 2 ] [ 6 2 2 2 2 2 ] [ 13 1 1 1 ]
[ 2 2 2 2 2 2 2 2 ] [ 6 4 2 2 2 ] [ 12 1 1 1 1 ]
[ 2 2 2 2 2 2 2 2 ] [ 6 4 4 2 ] [ 11 1 1 1 1 1 ]
[ 2 2 2 2 2 2 2 2 ] [ 6 6 2 2 ] [ 11 1 1 1 1 1 ]
[ 2 2 2 2 2 2 2 2 ] [ 6 6 4 ] [ 10 1 1 1 1 1 1 ]
[ 2 2 2 2 2 2 2 2 ] [ 8 2 2 2 2 ] [ 12 1 1 1 1 ]
[ 2 2 2 2 2 2 2 2 ] [ 8 4 2 2 ] [ 11 1 1 1 1 1 ]
[ 2 2 2 2 2 2 2 2 ] [ 8 4 4 ] [ 10 1 1 1 1 1 1 ]
[ 2 2 2 2 2 2 2 2 ] [ 8 6 2 ] [ 10 1 1 1 1 1 1 ]
[ 2 2 2 2 2 2 2 2 ] [ 8 8 ] [ 9 1 1 1 1 1 1 1 ]
[ 2 2 2 2 2 2 2 2 ] [ 9 1 1 1 1 1 1 1 ] [ 10 6 ]
[ 2 2 2 2 2 2 2 2 ] [ 9 1 1 1 1 1 1 1 ] [ 12 4 ]
[ 2 2 2 2 2 2 2 2 ] [ 9 1 1 1 1 1 1 1 ] [ 14 2 ]
[ 2 2 2 2 2 2 2 2 ] [ 10 1 1 1 1 1 1 ] [ 10 4 2 ]
[ 2 2 2 2 2 2 2 2 ] [ 10 1 1 1 1 1 1 ] [ 12 2 2 ]
[ 2 2 2 2 2 2 2 2 ] [ 10 2 2 2 ] [ 11 1 1 1 1 1 ]
[ 3 1 1 1 1 1 1 1 1 1 1 1 1 1 ] [ 8 8 ] [ 8 8 ]
[ 4 2 2 2 2 2 2 ] [ 4 2 2 2 2 2 2 ] [ 13 1 1 1 ]
[ 4 2 2 2 2 2 2 ] [ 4 4 2 2 2 2 ] [ 12 1 1 1 1 ]
[ 4 2 2 2 2 2 2 ] [ 4 4 4 2 2 ] [ 11 1 1 1 1 1 ]
[ 4 2 2 2 2 2 2 ] [ 4 4 4 4 ] [ 10 1 1 1 1 1 1 ]
[ 4 2 2 2 2 2 2 ] [ 6 2 2 2 2 2 ] [ 12 1 1 1 1 ]
[ 4 2 2 2 2 2 2 ] [ 6 4 2 2 2 ] [ 11 1 1 1 1 1 ]
[ 4 2 2 2 2 2 2 ] [ 6 4 4 2 ] [ 10 1 1 1 1 1 1 ]
[ 4 2 2 2 2 2 2 ] [ 6 6 2 2 ] [ 10 1 1 1 1 1 1 ]
[ 4 2 2 2 2 2 2 ] [ 6 6 4 ] [ 9 1 1 1 1 1 1 1 ]
[ 4 2 2 2 2 2 2 ] [ 8 2 2 2 2 ] [ 11 1 1 1 1 1 ]
[ 4 2 2 2 2 2 2 ] [ 8 4 2 2 ] [ 10 1 1 1 1 1 1 ]
[ 4 2 2 2 2 2 2 ] [ 8 4 4 ] [ 9 1 1 1 1 1 1 1 ]
[ 4 2 2 2 2 2 2 ] [ 8 6 2 ] [ 9 1 1 1 1 1 1 1 ]
[ 4 2 2 2 2 2 2 ] [ 9 1 1 1 1 1 1 1 ] [ 10 4 2 ]
[ 4 2 2 2 2 2 2 ] [ 9 1 1 1 1 1 1 1 ] [ 12 2 2 ]
[ 4 2 2 2 2 2 2 ] [ 10 1 1 1 1 1 1 ] [ 10 2 2 2 ]
[ 4 4 2 2 2 2 ] [ 4 4 2 2 2 2 ] [ 11 1 1 1 1 1 ]
[ 4 4 2 2 2 2 ] [ 4 4 4 2 2 ] [ 10 1 1 1 1 1 1 ]
[ 4 4 2 2 2 2 ] [ 4 4 4 4 ] [ 9 1 1 1 1 1 1 1 ]
[ 4 4 2 2 2 2 ] [ 6 2 2 2 2 2 ] [ 11 1 1 1 1 1 ]
[ 4 4 2 2 2 2 ] [ 6 4 2 2 2 ] [ 10 1 1 1 1 1 1 ]
[ 4 4 2 2 2 2 ] [ 6 4 4 2 ] [ 9 1 1 1 1 1 1 1 ]
[ 4 4 2 2 2 2 ] [ 6 6 2 2 ] [ 9 1 1 1 1 1 1 1 ]
[ 4 4 2 2 2 2 ] [ 8 2 2 2 2 ] [ 10 1 1 1 1 1 1 ]
[ 4 4 2 2 2 2 ] [ 8 4 2 2 ] [ 9 1 1 1 1 1 1 1 ]
[ 4 4 2 2 2 2 ] [ 9 1 1 1 1 1 1 1 ] [ 10 2 2 2 ]
[ 4 4 4 2 2 ] [ 4 4 4 2 2 ] [ 9 1 1 1 1 1 1 1 ]
[ 4 4 4 2 2 ] [ 6 2 2 2 2 2 ] [ 10 1 1 1 1 1 1 ]
[ 4 4 4 2 2 ] [ 6 4 2 2 2 ] [ 9 1 1 1 1 1 1 1 ]
[ 4 4 4 2 2 ] [ 8 2 2 2 2 ] [ 9 1 1 1 1 1 1 1 ]
[ 4 4 4 4 ] [ 4 4 4 4 ] [ 7 1 1 1 1 1 1 1 1 1 ]
[ 4 4 4 4 ] [ 5 1 1 1 1 1 1 1 1 1 1 1 ] [ 8 8 ]
[ 4 4 4 4 ] [ 5 1 1 1 1 1 1 1 1 1 1 1 ] [ 12 4 ]
[ 4 4 4 4 ] [ 6 1 1 1 1 1 1 1 1 1 1 ] [ 8 4 4 ]
[ 4 4 4 4 ] [ 6 2 2 2 2 2 ] [ 9 1 1 1 1 1 1 1 ]
[ 5 1 1 1 1 1 1 1 1 1 1 1 ] [ 8 4 4 ] [ 8 4 4 ]
[ 6 2 2 2 2 2 ] [ 6 2 2 2 2 2 ] [ 11 1 1 1 1 1 ]
[ 6 2 2 2 2 2 ] [ 6 4 2 2 2 ] [ 10 1 1 1 1 1 1 ]
[ 6 2 2 2 2 2 ] [ 6 4 4 2 ] [ 9 1 1 1 1 1 1 1 ]
[ 6 2 2 2 2 2 ] [ 6 6 2 2 ] [ 9 1 1 1 1 1 1 1 ]
[ 6 2 2 2 2 2 ] [ 8 2 2 2 2 ] [ 10 1 1 1 1 1 1 ]
[ 6 2 2 2 2 2 ] [ 8 4 2 2 ] [ 9 1 1 1 1 1 1 1 ]
[ 6 2 2 2 2 2 ] [ 9 1 1 1 1 1 1 1 ] [ 10 2 2 2 ]
[ 6 4 2 2 2 ] [ 6 4 2 2 2 ] [ 9 1 1 1 1 1 1 1 ]
[ 6 4 2 2 2 ] [ 8 2 2 2 2 ] [ 9 1 1 1 1 1 1 1 ]
[ 8 2 2 2 2 ] [ 8 2 2 2 2 ] [ 9 1 1 1 1 1 1 1 ]

=== Type 2 === (Count: 195)
[ 2 2 2 2 2 2 2 2 ] [ 2 2 2 2 2 2 2 2 ] [ 9 7 ]
[ 2 2 2 2 2 2 2 2 ] [ 2 2 2 2 2 2 2 2 ] [ 10 6 ]
[ 2 2 2 2 2 2 2 2 ] [ 2 2 2 2 2 2 2 2 ] [ 11 5 ]
[ 2 2 2 2 2 2 2 2 ] [ 2 2 2 2 2 2 2 2 ] [ 12 4 ]
[ 2 2 2 2 2 2 2 2 ] [ 2 2 2 2 2 2 2 2 ] [ 13 3 ]
[ 2 2 2 2 2 2 2 2 ] [ 2 2 2 2 2 2 2 2 ] [ 14 2 ]
[ 2 2 2 2 2 2 2 2 ] [ 3 3 3 3 3 1 ] [ 4 4 4 4 ]
[ 2 2 2 2 2 2 2 2 ] [ 3 3 3 3 3 1 ] [ 6 4 4 2 ]
[ 2 2 2 2 2 2 2 2 ] [ 3 3 3 3 3 1 ] [ 6 6 2 2 ]
[ 2 2 2 2 2 2 2 2 ] [ 3 3 3 3 3 1 ] [ 8 4 2 2 ]
[ 2 2 2 2 2 2 2 2 ] [ 3 3 3 3 3 1 ] [ 10 2 2 2 ]
[ 2 2 2 2 2 2 2 2 ] [ 4 2 2 2 2 2 2 ] [ 6 5 5 ]
[ 2 2 2 2 2 2 2 2 ] [ 4 2 2 2 2 2 2 ] [ 6 6 4 ]
[ 2 2 2 2 2 2 2 2 ] [ 4 2 2 2 2 2 2 ] [ 7 5 4 ]
[ 2 2 2 2 2 2 2 2 ] [ 4 2 2 2 2 2 2 ] [ 7 6 3 ]
[ 2 2 2 2 2 2 2 2 ] [ 4 2 2 2 2 2 2 ] [ 7 7 2 ]
[ 2 2 2 2 2 2 2 2 ] [ 4 2 2 2 2 2 2 ] [ 9 4 3 ]
[ 2 2 2 2 2 2 2 2 ] [ 4 2 2 2 2 2 2 ] [ 9 5 2 ]
[ 2 2 2 2 2 2 2 2 ] [ 4 2 2 2 2 2 2 ] [ 9 6 1 ]
[ 2 2 2 2 2 2 2 2 ] [ 4 2 2 2 2 2 2 ] [ 10 3 3 ]
[ 2 2 2 2 2 2 2 2 ] [ 4 2 2 2 2 2 2 ] [ 10 4 2 ]
[ 2 2 2 2 2 2 2 2 ] [ 4 2 2 2 2 2 2 ] [ 10 5 1 ]
[ 2 2 2 2 2 2 2 2 ] [ 4 2 2 2 2 2 2 ] [ 11 3 2 ]
[ 2 2 2 2 2 2 2 2 ] [ 4 2 2 2 2 2 2 ] [ 11 4 1 ]
[ 2 2 2 2 2 2 2 2 ] [ 4 2 2 2 2 2 2 ] [ 12 2 2 ]
[ 2 2 2 2 2 2 2 2 ] [ 4 2 2 2 2 2 2 ] [ 12 3 1 ]
[ 2 2 2 2 2 2 2 2 ] [ 4 2 2 2 2 2 2 ] [ 13 2 1 ]
[ 2 2 2 2 2 2 2 2 ] [ 4 3 3 3 3 ] [ 4 4 4 2 2 ]
[ 2 2 2 2 2 2 2 2 ] [ 4 3 3 3 3 ] [ 6 4 2 2 2 ]
[ 2 2 2 2 2 2 2 2 ] [ 4 3 3 3 3 ] [ 8 2 2 2 2 ]
[ 2 2 2 2 2 2 2 2 ] [ 4 4 2 2 2 2 ] [ 5 5 4 2 ]
[ 2 2 2 2 2 2 2 2 ] [ 4 4 2 2 2 2 ] [ 5 5 5 1 ]
[ 2 2 2 2 2 2 2 2 ] [ 4 4 2 2 2 2 ] [ 6 4 3 3 ]
[ 2 2 2 2 2 2 2 2 ] [ 4 4 2 2 2 2 ] [ 6 5 4 1 ]
[ 2 2 2 2 2 2 2 2 ] [ 4 4 2 2 2 2 ] [ 6 6 3 1 ]
[ 2 2 2 2 2 2 2 2 ] [ 4 4 2 2 2 2 ] [ 7 3 3 3 ]
[ 2 2 2 2 2 2 2 2 ] [ 4 4 2 2 2 2 ] [ 7 4 3 2 ]
[ 2 2 2 2 2 2 2 2 ] [ 4 4 2 2 2 2 ] [ 7 5 2 2 ]
[ 2 2 2 2 2 2 2 2 ] [ 4 4 2 2 2 2 ] [ 9 3 2 2 ]
[ 2 2 2 2 2 2 2 2 ] [ 4 4 2 2 2 2 ] [ 9 3 3 1 ]
[ 2 2 2 2 2 2 2 2 ] [ 4 4 2 2 2 2 ] [ 9 4 2 1 ]
[ 2 2 2 2 2 2 2 2 ] [ 4 4 2 2 2 2 ] [ 9 5 1 1 ]
[ 2 2 2 2 2 2 2 2 ] [ 4 4 2 2 2 2 ] [ 10 2 2 2 ]
[ 2 2 2 2 2 2 2 2 ] [ 4 4 2 2 2 2 ] [ 10 3 2 1 ]
[ 2 2 2 2 2 2 2 2 ] [ 4 4 2 2 2 2 ] [ 10 4 1 1 ]
[ 2 2 2 2 2 2 2 2 ] [ 4 4 2 2 2 2 ] [ 11 2 2 1 ]
[ 2 2 2 2 2 2 2 2 ] [ 4 4 2 2 2 2 ] [ 11 3 1 1 ]
[ 2 2 2 2 2 2 2 2 ] [ 4 4 2 2 2 2 ] [ 12 2 1 1 ]
[ 2 2 2 2 2 2 2 2 ] [ 4 4 4 2 2 ] [ 5 5 2 2 2 ]
[ 2 2 2 2 2 2 2 2 ] [ 4 4 4 2 2 ] [ 5 5 4 1 1 ]
[ 2 2 2 2 2 2 2 2 ] [ 4 4 4 2 2 ] [ 6 3 3 3 1 ]
[ 2 2 2 2 2 2 2 2 ] [ 4 4 4 2 2 ] [ 7 3 2 2 2 ]
[ 2 2 2 2 2 2 2 2 ] [ 4 4 4 2 2 ] [ 9 2 2 2 1 ]
[ 2 2 2 2 2 2 2 2 ] [ 4 4 4 2 2 ] [ 9 3 2 1 1 ]
[ 2 2 2 2 2 2 2 2 ] [ 4 4 4 2 2 ] [ 9 4 1 1 1 ]
[ 2 2 2 2 2 2 2 2 ] [ 4 4 4 2 2 ] [ 10 2 2 1 1 ]
[ 2 2 2 2 2 2 2 2 ] [ 4 4 4 2 2 ] [ 10 3 1 1 1 ]
[ 2 2 2 2 2 2 2 2 ] [ 4 4 4 2 2 ] [ 11 2 1 1 1 ]
[ 2 2 2 2 2 2 2 2 ] [ 4 4 4 4 ] [ 9 2 2 1 1 1 ]
[ 2 2 2 2 2 2 2 2 ] [ 4 4 4 4 ] [ 9 3 1 1 1 1 ]
[ 2 2 2 2 2 2 2 2 ] [ 4 4 4 4 ] [ 10 2 1 1 1 1 ]
[ 2 2 2 2 2 2 2 2 ] [ 5 5 2 2 2 ] [ 6 4 2 2 2 ]
[ 2 2 2 2 2 2 2 2 ] [ 5 5 2 2 2 ] [ 8 2 2 2 2 ]
[ 2 2 2 2 2 2 2 2 ] [ 5 5 4 1 1 ] [ 6 4 2 2 2 ]
[ 2 2 2 2 2 2 2 2 ] [ 5 5 4 1 1 ] [ 8 2 2 2 2 ]
[ 2 2 2 2 2 2 2 2 ] [ 5 5 4 2 ] [ 6 2 2 2 2 2 ]
[ 2 2 2 2 2 2 2 2 ] [ 5 5 5 1 ] [ 6 2 2 2 2 2 ]
[ 2 2 2 2 2 2 2 2 ] [ 6 2 2 2 2 2 ] [ 6 4 3 3 ]
[ 2 2 2 2 2 2 2 2 ] [ 6 2 2 2 2 2 ] [ 6 5 4 1 ]
[ 2 2 2 2 2 2 2 2 ] [ 6 2 2 2 2 2 ] [ 6 6 3 1 ]
[ 2 2 2 2 2 2 2 2 ] [ 6 2 2 2 2 2 ] [ 7 3 3 3 ]
[ 2 2 2 2 2 2 2 2 ] [ 6 2 2 2 2 2 ] [ 7 4 3 2 ]
[ 2 2 2 2 2 2 2 2 ] [ 6 2 2 2 2 2 ] [ 7 5 2 2 ]
[ 2 2 2 2 2 2 2 2 ] [ 6 2 2 2 2 2 ] [ 9 3 2 2 ]
[ 2 2 2 2 2 2 2 2 ] [ 6 2 2 2 2 2 ] [ 9 3 3 1 ]
[ 2 2 2 2 2 2 2 2 ] [ 6 2 2 2 2 2 ] [ 9 4 2 1 ]
[ 2 2 2 2 2 2 2 2 ] [ 6 2 2 2 2 2 ] [ 9 5 1 1 ]
[ 2 2 2 2 2 2 2 2 ] [ 6 2 2 2 2 2 ] [ 10 2 2 2 ]
[ 2 2 2 2 2 2 2 2 ] [ 6 2 2 2 2 2 ] [ 10 3 2 1 ]
[ 2 2 2 2 2 2 2 2 ] [ 6 2 2 2 2 2 ] [ 10 4 1 1 ]
[ 2 2 2 2 2 2 2 2 ] [ 6 2 2 2 2 2 ] [ 11 2 2 1 ]
[ 2 2 2 2 2 2 2 2 ] [ 6 2 2 2 2 2 ] [ 11 3 1 1 ]
[ 2 2 2 2 2 2 2 2 ] [ 6 2 2 2 2 2 ] [ 12 2 1 1 ]
[ 2 2 2 2 2 2 2 2 ] [ 6 3 3 3 1 ] [ 6 4 2 2 2 ]
[ 2 2 2 2 2 2 2 2 ] [ 6 3 3 3 1 ] [ 8 2 2 2 2 ]
[ 2 2 2 2 2 2 2 2 ] [ 6 4 2 2 2 ] [ 7 3 2 2 2 ]
[ 2 2 2 2 2 2 2 2 ] [ 6 4 2 2 2 ] [ 9 2 2 2 1 ]
[ 2 2 2 2 2 2 2 2 ] [ 6 4 2 2 2 ] [ 9 3 2 1 1 ]
[ 2 2 2 2 2 2 2 2 ] [ 6 4 2 2 2 ] [ 9 4 1 1 1 ]
[ 2 2 2 2 2 2 2 2 ] [ 6 4 2 2 2 ] [ 10 2 2 1 1 ]
[ 2 2 2 2 2 2 2 2 ] [ 6 4 2 2 2 ] [ 10 3 1 1 1 ]
[ 2 2 2 2 2 2 2 2 ] [ 6 4 2 2 2 ] [ 11 2 1 1 1 ]
[ 2 2 2 2 2 2 2 2 ] [ 6 4 4 2 ] [ 9 2 2 1 1 1 ]
[ 2 2 2 2 2 2 2 2 ] [ 6 4 4 2 ] [ 9 3 1 1 1 1 ]
[ 2 2 2 2 2 2 2 2 ] [ 6 4 4 2 ] [ 10 2 1 1 1 1 ]
[ 2 2 2 2 2 2 2 2 ] [ 6 6 2 2 ] [ 9 2 2 1 1 1 ]
[ 2 2 2 2 2 2 2 2 ] [ 6 6 2 2 ] [ 9 3 1 1 1 1 ]
[ 2 2 2 2 2 2 2 2 ] [ 6 6 2 2 ] [ 10 2 1 1 1 1 ]
[ 2 2 2 2 2 2 2 2 ] [ 6 6 4 ] [ 9 2 1 1 1 1 1 ]
[ 2 2 2 2 2 2 2 2 ] [ 7 3 2 2 2 ] [ 8 2 2 2 2 ]
[ 2 2 2 2 2 2 2 2 ] [ 8 2 2 2 2 ] [ 9 2 2 2 1 ]
[ 2 2 2 2 2 2 2 2 ] [ 8 2 2 2 2 ] [ 9 3 2 1 1 ]
[ 2 2 2 2 2 2 2 2 ] [ 8 2 2 2 2 ] [ 9 4 1 1 1 ]
[ 2 2 2 2 2 2 2 2 ] [ 8 2 2 2 2 ] [ 10 2 2 1 1 ]
[ 2 2 2 2 2 2 2 2 ] [ 8 2 2 2 2 ] [ 10 3 1 1 1 ]
[ 2 2 2 2 2 2 2 2 ] [ 8 2 2 2 2 ] [ 11 2 1 1 1 ]
[ 2 2 2 2 2 2 2 2 ] [ 8 4 2 2 ] [ 9 2 2 1 1 1 ]
[ 2 2 2 2 2 2 2 2 ] [ 8 4 2 2 ] [ 9 3 1 1 1 1 ]
[ 2 2 2 2 2 2 2 2 ] [ 8 4 2 2 ] [ 10 2 1 1 1 1 ]
[ 2 2 2 2 2 2 2 2 ] [ 8 4 4 ] [ 9 2 1 1 1 1 1 ]
[ 2 2 2 2 2 2 2 2 ] [ 8 6 2 ] [ 9 2 1 1 1 1 1 ]
[ 2 2 2 2 2 2 2 2 ] [ 9 2 1 1 1 1 1 ] [ 10 4 2 ]
[ 2 2 2 2 2 2 2 2 ] [ 9 2 1 1 1 1 1 ] [ 12 2 2 ]
[ 2 2 2 2 2 2 2 2 ] [ 9 2 2 1 1 1 ] [ 10 2 2 2 ]
[ 2 2 2 2 2 2 2 2 ] [ 9 3 1 1 1 1 ] [ 10 2 2 2 ]
[ 2 2 2 2 2 2 2 2 ] [ 10 2 1 1 1 1 ] [ 10 2 2 2 ]
[ 3 3 3 3 3 1 ] [ 4 2 2 2 2 2 2 ] [ 4 4 4 2 2 ]
[ 3 3 3 3 3 1 ] [ 4 2 2 2 2 2 2 ] [ 6 4 2 2 2 ]
[ 3 3 3 3 3 1 ] [ 4 2 2 2 2 2 2 ] [ 8 2 2 2 2 ]
[ 3 3 3 3 3 1 ] [ 4 4 2 2 2 2 ] [ 4 4 2 2 2 2 ]
[ 3 3 3 3 3 1 ] [ 4 4 2 2 2 2 ] [ 6 2 2 2 2 2 ]
[ 3 3 3 3 3 1 ] [ 6 2 2 2 2 2 ] [ 6 2 2 2 2 2 ]
[ 4 2 2 2 2 2 2 ] [ 4 2 2 2 2 2 2 ] [ 5 5 4 2 ]
[ 4 2 2 2 2 2 2 ] [ 4 2 2 2 2 2 2 ] [ 5 5 5 1 ]
[ 4 2 2 2 2 2 2 ] [ 4 2 2 2 2 2 2 ] [ 6 4 3 3 ]
[ 4 2 2 2 2 2 2 ] [ 4 2 2 2 2 2 2 ] [ 6 5 4 1 ]
[ 4 2 2 2 2 2 2 ] [ 4 2 2 2 2 2 2 ] [ 6 6 3 1 ]
[ 4 2 2 2 2 2 2 ] [ 4 2 2 2 2 2 2 ] [ 7 3 3 3 ]
[ 4 2 2 2 2 2 2 ] [ 4 2 2 2 2 2 2 ] [ 7 4 3 2 ]
[ 4 2 2 2 2 2 2 ] [ 4 2 2 2 2 2 2 ] [ 7 5 2 2 ]
[ 4 2 2 2 2 2 2 ] [ 4 2 2 2 2 2 2 ] [ 9 3 2 2 ]
[ 4 2 2 2 2 2 2 ] [ 4 2 2 2 2 2 2 ] [ 9 3 3 1 ]
[ 4 2 2 2 2 2 2 ] [ 4 2 2 2 2 2 2 ] [ 9 4 2 1 ]
[ 4 2 2 2 2 2 2 ] [ 4 2 2 2 2 2 2 ] [ 9 5 1 1 ]
[ 4 2 2 2 2 2 2 ] [ 4 2 2 2 2 2 2 ] [ 10 2 2 2 ]
[ 4 2 2 2 2 2 2 ] [ 4 2 2 2 2 2 2 ] [ 10 3 2 1 ]
[ 4 2 2 2 2 2 2 ] [ 4 2 2 2 2 2 2 ] [ 10 4 1 1 ]
[ 4 2 2 2 2 2 2 ] [ 4 2 2 2 2 2 2 ] [ 11 2 2 1 ]
[ 4 2 2 2 2 2 2 ] [ 4 2 2 2 2 2 2 ] [ 11 3 1 1 ]
[ 4 2 2 2 2 2 2 ] [ 4 2 2 2 2 2 2 ] [ 12 2 1 1 ]
[ 4 2 2 2 2 2 2 ] [ 4 3 3 3 3 ] [ 4 4 2 2 2 2 ]
[ 4 2 2 2 2 2 2 ] [ 4 3 3 3 3 ] [ 6 2 2 2 2 2 ]
[ 4 2 2 2 2 2 2 ] [ 4 4 2 2 2 2 ] [ 5 5 2 2 2 ]
[ 4 2 2 2 2 2 2 ] [ 4 4 2 2 2 2 ] [ 5 5 4 1 1 ]
[ 4 2 2 2 2 2 2 ] [ 4 4 2 2 2 2 ] [ 6 3 3 3 1 ]
[ 4 2 2 2 2 2 2 ] [ 4 4 2 2 2 2 ] [ 7 3 2 2 2 ]
[ 4 2 2 2 2 2 2 ] [ 4 4 2 2 2 2 ] [ 9 2 2 2 1 ]
[ 4 2 2 2 2 2 2 ] [ 4 4 2 2 2 2 ] [ 9 3 2 1 1 ]
[ 4 2 2 2 2 2 2 ] [ 4 4 2 2 2 2 ] [ 9 4 1 1 1 ]
[ 4 2 2 2 2 2 2 ] [ 4 4 2 2 2 2 ] [ 10 2 2 1 1 ]
[ 4 2 2 2 2 2 2 ] [ 4 4 2 2 2 2 ] [ 10 3 1 1 1 ]
[ 4 2 2 2 2 2 2 ] [ 4 4 2 2 2 2 ] [ 11 2 1 1 1 ]
[ 4 2 2 2 2 2 2 ] [ 4 4 4 2 2 ] [ 9 2 2 1 1 1 ]
[ 4 2 2 2 2 2 2 ] [ 4 4 4 2 2 ] [ 9 3 1 1 1 1 ]
[ 4 2 2 2 2 2 2 ] [ 4 4 4 2 2 ] [ 10 2 1 1 1 1 ]
[ 4 2 2 2 2 2 2 ] [ 4 4 4 4 ] [ 9 2 1 1 1 1 1 ]
[ 4 2 2 2 2 2 2 ] [ 5 5 2 2 2 ] [ 6 2 2 2 2 2 ]
[ 4 2 2 2 2 2 2 ] [ 5 5 4 1 1 ] [ 6 2 2 2 2 2 ]
[ 4 2 2 2 2 2 2 ] [ 6 2 2 2 2 2 ] [ 6 3 3 3 1 ]
[ 4 2 2 2 2 2 2 ] [ 6 2 2 2 2 2 ] [ 7 3 2 2 2 ]
[ 4 2 2 2 2 2 2 ] [ 6 2 2 2 2 2 ] [ 9 2 2 2 1 ]
[ 4 2 2 2 2 2 2 ] [ 6 2 2 2 2 2 ] [ 9 3 2 1 1 ]
[ 4 2 2 2 2 2 2 ] [ 6 2 2 2 2 2 ] [ 9 4 1 1 1 ]
[ 4 2 2 2 2 2 2 ] [ 6 2 2 2 2 2 ] [ 10 2 2 1 1 ]
[ 4 2 2 2 2 2 2 ] [ 6 2 2 2 2 2 ] [ 10 3 1 1 1 ]
[ 4 2 2 2 2 2 2 ] [ 6 2 2 2 2 2 ] [ 11 2 1 1 1 ]
[ 4 2 2 2 2 2 2 ] [ 6 4 2 2 2 ] [ 9 2 2 1 1 1 ]
[ 4 2 2 2 2 2 2 ] [ 6 4 2 2 2 ] [ 9 3 1 1 1 1 ]
[ 4 2 2 2 2 2 2 ] [ 6 4 2 2 2 ] [ 10 2 1 1 1 1 ]
[ 4 2 2 2 2 2 2 ] [ 6 4 4 2 ] [ 9 2 1 1 1 1 1 ]
[ 4 2 2 2 2 2 2 ] [ 6 6 2 2 ] [ 9 2 1 1 1 1 1 ]
[ 4 2 2 2 2 2 2 ] [ 8 2 2 2 2 ] [ 9 2 2 1 1 1 ]
[ 4 2 2 2 2 2 2 ] [ 8 2 2 2 2 ] [ 9 3 1 1 1 1 ]
[ 4 2 2 2 2 2 2 ] [ 8 2 2 2 2 ] [ 10 2 1 1 1 1 ]
[ 4 2 2 2 2 2 2 ] [ 8 4 2 2 ] [ 9 2 1 1 1 1 1 ]
[ 4 2 2 2 2 2 2 ] [ 9 2 1 1 1 1 1 ] [ 10 2 2 2 ]
[ 4 4 2 2 2 2 ] [ 4 4 2 2 2 2 ] [ 9 2 2 1 1 1 ]
[ 4 4 2 2 2 2 ] [ 4 4 2 2 2 2 ] [ 9 3 1 1 1 1 ]
[ 4 4 2 2 2 2 ] [ 4 4 2 2 2 2 ] [ 10 2 1 1 1 1 ]
[ 4 4 2 2 2 2 ] [ 4 4 4 2 2 ] [ 9 2 1 1 1 1 1 ]
[ 4 4 2 2 2 2 ] [ 6 2 2 2 2 2 ] [ 9 2 2 1 1 1 ]
[ 4 4 2 2 2 2 ] [ 6 2 2 2 2 2 ] [ 9 3 1 1 1 1 ]
[ 4 4 2 2 2 2 ] [ 6 2 2 2 2 2 ] [ 10 2 1 1 1 1 ]
[ 4 4 2 2 2 2 ] [ 6 4 2 2 2 ] [ 9 2 1 1 1 1 1 ]
[ 4 4 2 2 2 2 ] [ 8 2 2 2 2 ] [ 9 2 1 1 1 1 1 ]
[ 4 4 4 2 2 ] [ 6 2 2 2 2 2 ] [ 9 2 1 1 1 1 1 ]
[ 4 4 4 4 ] [ 4 4 4 4 ] [ 5 2 2 1 1 1 1 1 1 1 ]
[ 4 4 4 4 ] [ 4 4 4 4 ] [ 5 3 1 1 1 1 1 1 1 1 ]
[ 4 4 4 4 ] [ 4 4 4 4 ] [ 6 2 1 1 1 1 1 1 1 1 ]
[ 4 4 4 4 ] [ 5 2 1 1 1 1 1 1 1 1 1 ] [ 8 4 4 ]
[ 6 2 2 2 2 2 ] [ 6 2 2 2 2 2 ] [ 9 2 2 1 1 1 ]
[ 6 2 2 2 2 2 ] [ 6 2 2 2 2 2 ] [ 9 3 1 1 1 1 ]
[ 6 2 2 2 2 2 ] [ 6 2 2 2 2 2 ] [ 10 2 1 1 1 1 ]
[ 6 2 2 2 2 2 ] [ 6 4 2 2 2 ] [ 9 2 1 1 1 1 1 ]
[ 6 2 2 2 2 2 ] [ 8 2 2 2 2 ] [ 9 2 1 1 1 1 1 ]

=== Type 3 === (Count: 44)
[ 2 2 2 2 2 2 2 2 ] [ 3 2 2 2 2 2 2 1 ] [ 8 8 ]
[ 2 2 2 2 2 2 2 2 ] [ 3 3 2 2 2 2 2 ] [ 8 4 4 ]
[ 2 2 2 2 2 2 2 2 ] [ 3 3 2 2 2 2 2 ] [ 8 5 3 ]
[ 2 2 2 2 2 2 2 2 ] [ 3 3 2 2 2 2 2 ] [ 8 6 2 ]
[ 2 2 2 2 2 2 2 2 ] [ 3 3 2 2 2 2 2 ] [ 8 7 1 ]
[ 2 2 2 2 2 2 2 2 ] [ 3 3 3 3 2 2 ] [ 5 5 5 1 ]
[ 2 2 2 2 2 2 2 2 ] [ 3 3 3 3 2 2 ] [ 6 6 3 1 ]
[ 2 2 2 2 2 2 2 2 ] [ 3 3 3 3 2 2 ] [ 7 3 3 3 ]
[ 2 2 2 2 2 2 2 2 ] [ 3 3 3 3 2 2 ] [ 7 5 2 2 ]
[ 2 2 2 2 2 2 2 2 ] [ 3 3 3 3 3 1 ] [ 5 4 4 3 ]
[ 2 2 2 2 2 2 2 2 ] [ 3 3 3 3 3 1 ] [ 5 5 3 3 ]
[ 2 2 2 2 2 2 2 2 ] [ 3 3 3 3 3 1 ] [ 5 5 5 1 ]
[ 2 2 2 2 2 2 2 2 ] [ 3 3 3 3 3 1 ] [ 6 5 3 2 ]
[ 2 2 2 2 2 2 2 2 ] [ 3 3 3 3 3 1 ] [ 7 3 3 3 ]
[ 2 2 2 2 2 2 2 2 ] [ 3 3 3 3 3 1 ] [ 7 4 4 1 ]
[ 2 2 2 2 2 2 2 2 ] [ 3 3 3 3 3 1 ] [ 7 7 1 1 ]
[ 2 2 2 2 2 2 2 2 ] [ 3 3 3 3 3 1 ] [ 8 3 3 2 ]
[ 2 2 2 2 2 2 2 2 ] [ 3 3 3 3 3 1 ] [ 8 4 3 1 ]
[ 2 2 2 2 2 2 2 2 ] [ 4 3 3 2 2 2 ] [ 4 4 4 4 ]
[ 2 2 2 2 2 2 2 2 ] [ 4 3 3 3 2 1 ] [ 4 4 4 4 ]
[ 2 2 2 2 2 2 2 2 ] [ 4 3 3 3 3 ] [ 4 4 4 3 1 ]
[ 2 2 2 2 2 2 2 2 ] [ 4 3 3 3 3 ] [ 5 3 3 3 2 ]
[ 2 2 2 2 2 2 2 2 ] [ 4 4 4 3 1 ] [ 5 5 2 2 2 ]
[ 2 2 2 2 2 2 2 2 ] [ 4 4 4 3 1 ] [ 6 3 3 3 1 ]
[ 2 2 2 2 2 2 2 2 ] [ 4 4 4 4 ] [ 5 3 2 2 2 2 ]
[ 2 2 2 2 2 2 2 2 ] [ 4 4 4 4 ] [ 5 3 3 3 1 1 ]
[ 2 2 2 2 2 2 2 2 ] [ 4 4 4 4 ] [ 5 4 2 2 2 1 ]
[ 2 2 2 2 2 2 2 2 ] [ 4 4 4 4 ] [ 5 4 4 1 1 1 ]
[ 2 2 2 2 2 2 2 2 ] [ 4 4 4 4 ] [ 6 2 2 2 2 2 ]
[ 2 2 2 2 2 2 2 2 ] [ 4 4 4 4 ] [ 7 2 2 2 2 1 ]
[ 2 2 2 2 2 2 2 2 ] [ 5 2 2 2 2 2 1 ] [ 8 4 4 ]
[ 2 2 2 2 2 2 2 2 ] [ 5 3 2 2 2 2 ] [ 5 5 3 3 ]
[ 2 2 2 2 2 2 2 2 ] [ 5 3 2 2 2 2 ] [ 6 6 2 2 ]
[ 2 2 2 2 2 2 2 2 ] [ 5 3 2 2 2 2 ] [ 7 7 1 1 ]
[ 2 2 2 2 2 2 2 2 ] [ 5 3 3 3 2 ] [ 5 5 2 2 2 ]
[ 2 2 2 2 2 2 2 2 ] [ 5 3 3 3 2 ] [ 6 3 3 3 1 ]
[ 2 2 2 2 2 2 2 2 ] [ 5 5 1 1 1 1 1 1 ] [ 9 7 ]
[ 2 2 2 2 2 2 2 2 ] [ 5 5 2 2 2 ] [ 7 6 1 1 1 ]
[ 2 2 2 2 2 2 2 2 ] [ 6 5 1 1 1 1 1 ] [ 7 7 2 ]
[ 2 2 2 2 2 2 2 2 ] [ 6 6 1 1 1 1 ] [ 7 5 2 2 ]
[ 3 3 2 2 2 2 2 ] [ 4 2 2 2 2 2 2 ] [ 4 4 4 4 ]
[ 3 3 3 3 3 1 ] [ 4 2 2 2 2 2 2 ] [ 4 4 4 3 1 ]
[ 3 3 3 3 3 1 ] [ 4 2 2 2 2 2 2 ] [ 5 3 3 3 2 ]
[ 4 2 2 2 2 2 2 ] [ 4 4 4 4 ] [ 5 2 2 2 2 2 1 ]

=== End of Results ===
