=== Classification Results (d=21) ===

=== Type 0 === (Count: 2)
[ 2 2 2 2 2 2 2 2 2 2 1 ] [ 3 3 3 3 3 3 3 ] [ 7 7 7 ]
[ 3 3 3 3 3 3 3 ] [ 3 3 3 3 3 3 3 ] [ 4 3 3 3 3 3 2 ]

=== Type 1 === (Count: 35)
[ 3 3 3 3 3 3 3 ] [ 3 3 3 3 3 3 3 ] [ 13 1 1 1 1 1 1 1 1 ]
[ 3 3 3 3 3 3 3 ] [ 6 3 3 3 3 3 ] [ 12 1 1 1 1 1 1 1 1 1 ]
[ 3 3 3 3 3 3 3 ] [ 6 6 3 3 3 ] [ 11 1 1 1 1 1 1 1 1 1 1 ]
[ 3 3 3 3 3 3 3 ] [ 6 6 6 3 ] [ 10 1 1 1 1 1 1 1 1 1 1 1 ]
[ 3 3 3 3 3 3 3 ] [ 8 1 1 1 1 1 1 1 1 1 1 1 1 1 ] [ 12 9 ]
[ 3 3 3 3 3 3 3 ] [ 8 1 1 1 1 1 1 1 1 1 1 1 1 1 ] [ 15 6 ]
[ 3 3 3 3 3 3 3 ] [ 8 1 1 1 1 1 1 1 1 1 1 1 1 1 ] [ 18 3 ]
[ 3 3 3 3 3 3 3 ] [ 9 1 1 1 1 1 1 1 1 1 1 1 1 ] [ 9 6 6 ]
[ 3 3 3 3 3 3 3 ] [ 9 1 1 1 1 1 1 1 1 1 1 1 1 ] [ 9 9 3 ]
[ 3 3 3 3 3 3 3 ] [ 9 1 1 1 1 1 1 1 1 1 1 1 1 ] [ 12 6 3 ]
[ 3 3 3 3 3 3 3 ] [ 9 1 1 1 1 1 1 1 1 1 1 1 1 ] [ 15 3 3 ]
[ 3 3 3 3 3 3 3 ] [ 9 3 3 3 3 ] [ 11 1 1 1 1 1 1 1 1 1 1 ]
[ 3 3 3 3 3 3 3 ] [ 9 6 3 3 ] [ 10 1 1 1 1 1 1 1 1 1 1 1 ]
[ 3 3 3 3 3 3 3 ] [ 10 1 1 1 1 1 1 1 1 1 1 1 ] [ 12 3 3 3 ]
[ 4 1 1 1 1 1 1 1 1 1 1 1 1 1 1 1 1 1 ] [ 7 7 7 ] [ 14 7 ]
[ 5 1 1 1 1 1 1 1 1 1 1 1 1 1 1 1 1 ] [ 7 7 7 ] [ 7 7 7 ]
[ 6 3 3 3 3 3 ] [ 6 3 3 3 3 3 ] [ 11 1 1 1 1 1 1 1 1 1 1 ]
[ 6 3 3 3 3 3 ] [ 6 6 3 3 3 ] [ 10 1 1 1 1 1 1 1 1 1 1 1 ]
[ 6 3 3 3 3 3 ] [ 6 6 6 3 ] [ 9 1 1 1 1 1 1 1 1 1 1 1 1 ]
[ 6 3 3 3 3 3 ] [ 8 1 1 1 1 1 1 1 1 1 1 1 1 1 ] [ 9 6 6 ]
[ 6 3 3 3 3 3 ] [ 8 1 1 1 1 1 1 1 1 1 1 1 1 1 ] [ 9 9 3 ]
[ 6 3 3 3 3 3 ] [ 8 1 1 1 1 1 1 1 1 1 1 1 1 1 ] [ 12 6 3 ]
[ 6 3 3 3 3 3 ] [ 8 1 1 1 1 1 1 1 1 1 1 1 1 1 ] [ 15 3 3 ]
[ 6 3 3 3 3 3 ] [ 9 1 1 1 1 1 1 1 1 1 1 1 1 ] [ 9 6 3 3 ]
[ 6 3 3 3 3 3 ] [ 9 1 1 1 1 1 1 1 1 1 1 1 1 ] [ 12 3 3 3 ]
[ 6 3 3 3 3 3 ] [ 9 3 3 3 3 ] [ 10 1 1 1 1 1 1 1 1 1 1 1 ]
[ 6 6 3 3 3 ] [ 6 6 3 3 3 ] [ 9 1 1 1 1 1 1 1 1 1 1 1 1 ]
[ 6 6 3 3 3 ] [ 6 6 6 3 ] [ 8 1 1 1 1 1 1 1 1 1 1 1 1 1 ]
[ 6 6 3 3 3 ] [ 8 1 1 1 1 1 1 1 1 1 1 1 1 1 ] [ 9 6 3 3 ]
[ 6 6 3 3 3 ] [ 8 1 1 1 1 1 1 1 1 1 1 1 1 1 ] [ 12 3 3 3 ]
[ 6 6 3 3 3 ] [ 9 1 1 1 1 1 1 1 1 1 1 1 1 ] [ 9 3 3 3 3 ]
[ 6 6 6 3 ] [ 8 1 1 1 1 1 1 1 1 1 1 1 1 1 ] [ 9 3 3 3 3 ]
[ 8 1 1 1 1 1 1 1 1 1 1 1 1 1 ] [ 9 3 3 3 3 ] [ 9 6 3 3 ]
[ 8 1 1 1 1 1 1 1 1 1 1 1 1 1 ] [ 9 3 3 3 3 ] [ 12 3 3 3 ]
[ 9 1 1 1 1 1 1 1 1 1 1 1 1 ] [ 9 3 3 3 3 ] [ 9 3 3 3 3 ]

=== Type 2 === (Count: 83)
[ 2 2 2 2 2 2 2 2 2 2 1 ] [ 3 3 3 3 3 3 3 ] [ 6 6 3 3 3 ]
[ 2 2 2 2 2 2 2 2 2 2 1 ] [ 3 3 3 3 3 3 3 ] [ 9 3 3 3 3 ]
[ 2 2 2 2 2 2 2 2 2 2 1 ] [ 6 3 3 3 3 3 ] [ 6 3 3 3 3 3 ]
[ 3 2 2 2 2 2 2 2 2 2 ] [ 3 3 3 3 3 3 3 ] [ 6 3 3 3 3 3 ]
[ 3 3 3 3 3 3 3 ] [ 3 3 3 3 3 3 3 ] [ 4 3 2 2 2 2 2 2 2 ]
[ 3 3 3 3 3 3 3 ] [ 3 3 3 3 3 3 3 ] [ 4 4 2 2 2 2 2 2 1 ]
[ 3 3 3 3 3 3 3 ] [ 3 3 3 3 3 3 3 ] [ 4 4 4 4 1 1 1 1 1 ]
[ 3 3 3 3 3 3 3 ] [ 3 3 3 3 3 3 3 ] [ 5 2 2 2 2 2 2 2 2 ]
[ 3 3 3 3 3 3 3 ] [ 3 3 3 3 3 3 3 ] [ 6 2 2 2 2 2 2 2 1 ]
[ 3 3 3 3 3 3 3 ] [ 3 3 3 3 3 3 3 ] [ 8 2 2 2 2 2 1 1 1 ]
[ 3 3 3 3 3 3 3 ] [ 3 3 3 3 3 3 3 ] [ 8 3 2 2 2 1 1 1 1 ]
[ 3 3 3 3 3 3 3 ] [ 3 3 3 3 3 3 3 ] [ 8 3 3 2 1 1 1 1 1 ]
[ 3 3 3 3 3 3 3 ] [ 3 3 3 3 3 3 3 ] [ 8 4 2 2 1 1 1 1 1 ]
[ 3 3 3 3 3 3 3 ] [ 3 3 3 3 3 3 3 ] [ 8 4 3 1 1 1 1 1 1 ]
[ 3 3 3 3 3 3 3 ] [ 3 3 3 3 3 3 3 ] [ 8 5 2 1 1 1 1 1 1 ]
[ 3 3 3 3 3 3 3 ] [ 3 3 3 3 3 3 3 ] [ 8 6 1 1 1 1 1 1 1 ]
[ 3 3 3 3 3 3 3 ] [ 3 3 3 3 3 3 3 ] [ 9 2 2 2 2 1 1 1 1 ]
[ 3 3 3 3 3 3 3 ] [ 3 3 3 3 3 3 3 ] [ 9 3 2 2 1 1 1 1 1 ]
[ 3 3 3 3 3 3 3 ] [ 3 3 3 3 3 3 3 ] [ 9 3 3 1 1 1 1 1 1 ]
[ 3 3 3 3 3 3 3 ] [ 3 3 3 3 3 3 3 ] [ 9 4 2 1 1 1 1 1 1 ]
[ 3 3 3 3 3 3 3 ] [ 3 3 3 3 3 3 3 ] [ 9 5 1 1 1 1 1 1 1 ]
[ 3 3 3 3 3 3 3 ] [ 3 3 3 3 3 3 3 ] [ 10 2 2 2 1 1 1 1 1 ]
[ 3 3 3 3 3 3 3 ] [ 3 3 3 3 3 3 3 ] [ 10 3 2 1 1 1 1 1 1 ]
[ 3 3 3 3 3 3 3 ] [ 3 3 3 3 3 3 3 ] [ 10 4 1 1 1 1 1 1 1 ]
[ 3 3 3 3 3 3 3 ] [ 3 3 3 3 3 3 3 ] [ 11 2 2 1 1 1 1 1 1 ]
[ 3 3 3 3 3 3 3 ] [ 3 3 3 3 3 3 3 ] [ 11 3 1 1 1 1 1 1 1 ]
[ 3 3 3 3 3 3 3 ] [ 3 3 3 3 3 3 3 ] [ 12 2 1 1 1 1 1 1 1 ]
[ 3 3 3 3 3 3 3 ] [ 4 2 2 2 2 2 2 2 2 1 ] [ 6 3 3 3 3 3 ]
[ 3 3 3 3 3 3 3 ] [ 6 3 3 3 3 3 ] [ 8 2 2 2 2 1 1 1 1 1 ]
[ 3 3 3 3 3 3 3 ] [ 6 3 3 3 3 3 ] [ 8 3 2 2 1 1 1 1 1 1 ]
[ 3 3 3 3 3 3 3 ] [ 6 3 3 3 3 3 ] [ 8 3 3 1 1 1 1 1 1 1 ]
[ 3 3 3 3 3 3 3 ] [ 6 3 3 3 3 3 ] [ 8 4 2 1 1 1 1 1 1 1 ]
[ 3 3 3 3 3 3 3 ] [ 6 3 3 3 3 3 ] [ 8 5 1 1 1 1 1 1 1 1 ]
[ 3 3 3 3 3 3 3 ] [ 6 3 3 3 3 3 ] [ 9 2 2 2 1 1 1 1 1 1 ]
[ 3 3 3 3 3 3 3 ] [ 6 3 3 3 3 3 ] [ 9 3 2 1 1 1 1 1 1 1 ]
[ 3 3 3 3 3 3 3 ] [ 6 3 3 3 3 3 ] [ 9 4 1 1 1 1 1 1 1 1 ]
[ 3 3 3 3 3 3 3 ] [ 6 3 3 3 3 3 ] [ 10 2 2 1 1 1 1 1 1 1 ]
[ 3 3 3 3 3 3 3 ] [ 6 3 3 3 3 3 ] [ 10 3 1 1 1 1 1 1 1 1 ]
[ 3 3 3 3 3 3 3 ] [ 6 3 3 3 3 3 ] [ 11 2 1 1 1 1 1 1 1 1 ]
[ 3 3 3 3 3 3 3 ] [ 6 6 3 3 3 ] [ 8 2 2 2 1 1 1 1 1 1 1 ]
[ 3 3 3 3 3 3 3 ] [ 6 6 3 3 3 ] [ 8 3 2 1 1 1 1 1 1 1 1 ]
[ 3 3 3 3 3 3 3 ] [ 6 6 3 3 3 ] [ 8 4 1 1 1 1 1 1 1 1 1 ]
[ 3 3 3 3 3 3 3 ] [ 6 6 3 3 3 ] [ 9 2 2 1 1 1 1 1 1 1 1 ]
[ 3 3 3 3 3 3 3 ] [ 6 6 3 3 3 ] [ 9 3 1 1 1 1 1 1 1 1 1 ]
[ 3 3 3 3 3 3 3 ] [ 6 6 3 3 3 ] [ 10 2 1 1 1 1 1 1 1 1 1 ]
[ 3 3 3 3 3 3 3 ] [ 6 6 6 3 ] [ 8 2 2 1 1 1 1 1 1 1 1 1 ]
[ 3 3 3 3 3 3 3 ] [ 6 6 6 3 ] [ 8 3 1 1 1 1 1 1 1 1 1 1 ]
[ 3 3 3 3 3 3 3 ] [ 6 6 6 3 ] [ 9 2 1 1 1 1 1 1 1 1 1 1 ]
[ 3 3 3 3 3 3 3 ] [ 8 2 1 1 1 1 1 1 1 1 1 1 1 ] [ 9 6 6 ]
[ 3 3 3 3 3 3 3 ] [ 8 2 1 1 1 1 1 1 1 1 1 1 1 ] [ 9 9 3 ]
[ 3 3 3 3 3 3 3 ] [ 8 2 1 1 1 1 1 1 1 1 1 1 1 ] [ 12 6 3 ]
[ 3 3 3 3 3 3 3 ] [ 8 2 1 1 1 1 1 1 1 1 1 1 1 ] [ 15 3 3 ]
[ 3 3 3 3 3 3 3 ] [ 8 2 2 1 1 1 1 1 1 1 1 1 ] [ 9 6 3 3 ]
[ 3 3 3 3 3 3 3 ] [ 8 2 2 1 1 1 1 1 1 1 1 1 ] [ 12 3 3 3 ]
[ 3 3 3 3 3 3 3 ] [ 8 2 2 2 1 1 1 1 1 1 1 ] [ 9 3 3 3 3 ]
[ 3 3 3 3 3 3 3 ] [ 8 3 1 1 1 1 1 1 1 1 1 1 ] [ 9 6 3 3 ]
[ 3 3 3 3 3 3 3 ] [ 8 3 1 1 1 1 1 1 1 1 1 1 ] [ 12 3 3 3 ]
[ 3 3 3 3 3 3 3 ] [ 8 3 2 1 1 1 1 1 1 1 1 ] [ 9 3 3 3 3 ]
[ 3 3 3 3 3 3 3 ] [ 8 4 1 1 1 1 1 1 1 1 1 ] [ 9 3 3 3 3 ]
[ 3 3 3 3 3 3 3 ] [ 9 2 1 1 1 1 1 1 1 1 1 1 ] [ 9 6 3 3 ]
[ 3 3 3 3 3 3 3 ] [ 9 2 1 1 1 1 1 1 1 1 1 1 ] [ 12 3 3 3 ]
[ 3 3 3 3 3 3 3 ] [ 9 2 2 1 1 1 1 1 1 1 1 ] [ 9 3 3 3 3 ]
[ 3 3 3 3 3 3 3 ] [ 9 3 1 1 1 1 1 1 1 1 1 ] [ 9 3 3 3 3 ]
[ 3 3 3 3 3 3 3 ] [ 9 3 3 3 3 ] [ 10 2 1 1 1 1 1 1 1 1 1 ]
[ 4 2 1 1 1 1 1 1 1 1 1 1 1 1 1 1 1 ] [ 7 7 7 ] [ 7 7 7 ]
[ 6 3 3 3 3 3 ] [ 6 3 3 3 3 3 ] [ 8 2 2 2 1 1 1 1 1 1 1 ]
[ 6 3 3 3 3 3 ] [ 6 3 3 3 3 3 ] [ 8 3 2 1 1 1 1 1 1 1 1 ]
[ 6 3 3 3 3 3 ] [ 6 3 3 3 3 3 ] [ 8 4 1 1 1 1 1 1 1 1 1 ]
[ 6 3 3 3 3 3 ] [ 6 3 3 3 3 3 ] [ 9 2 2 1 1 1 1 1 1 1 1 ]
[ 6 3 3 3 3 3 ] [ 6 3 3 3 3 3 ] [ 9 3 1 1 1 1 1 1 1 1 1 ]
[ 6 3 3 3 3 3 ] [ 6 3 3 3 3 3 ] [ 10 2 1 1 1 1 1 1 1 1 1 ]
[ 6 3 3 3 3 3 ] [ 6 6 3 3 3 ] [ 8 2 2 1 1 1 1 1 1 1 1 1 ]
[ 6 3 3 3 3 3 ] [ 6 6 3 3 3 ] [ 8 3 1 1 1 1 1 1 1 1 1 1 ]
[ 6 3 3 3 3 3 ] [ 6 6 3 3 3 ] [ 9 2 1 1 1 1 1 1 1 1 1 1 ]
[ 6 3 3 3 3 3 ] [ 6 6 6 3 ] [ 8 2 1 1 1 1 1 1 1 1 1 1 1 ]
[ 6 3 3 3 3 3 ] [ 8 2 1 1 1 1 1 1 1 1 1 1 1 ] [ 9 6 3 3 ]
[ 6 3 3 3 3 3 ] [ 8 2 1 1 1 1 1 1 1 1 1 1 1 ] [ 12 3 3 3 ]
[ 6 3 3 3 3 3 ] [ 8 2 2 1 1 1 1 1 1 1 1 1 ] [ 9 3 3 3 3 ]
[ 6 3 3 3 3 3 ] [ 8 3 1 1 1 1 1 1 1 1 1 1 ] [ 9 3 3 3 3 ]
[ 6 3 3 3 3 3 ] [ 9 2 1 1 1 1 1 1 1 1 1 1 ] [ 9 3 3 3 3 ]
[ 6 6 3 3 3 ] [ 6 6 3 3 3 ] [ 8 2 1 1 1 1 1 1 1 1 1 1 1 ]
[ 6 6 3 3 3 ] [ 8 2 1 1 1 1 1 1 1 1 1 1 1 ] [ 9 3 3 3 3 ]
[ 8 2 1 1 1 1 1 1 1 1 1 1 1 ] [ 9 3 3 3 3 ] [ 9 3 3 3 3 ]

=== Type 3 === (Count: 30)
[ 2 2 2 2 2 2 2 2 2 2 1 ] [ 3 3 3 3 3 3 3 ] [ 5 4 4 4 4 ]
[ 2 2 2 2 2 2 2 2 2 2 1 ] [ 3 3 3 3 3 3 3 ] [ 5 5 5 3 3 ]
[ 2 2 2 2 2 2 2 2 2 2 1 ] [ 3 3 3 3 3 3 3 ] [ 5 5 5 5 1 ]
[ 2 2 2 2 2 2 2 2 2 2 1 ] [ 3 3 3 3 3 3 3 ] [ 7 4 4 3 3 ]
[ 2 2 2 2 2 2 2 2 2 2 1 ] [ 3 3 3 3 3 3 3 ] [ 7 5 5 2 2 ]
[ 2 2 2 2 2 2 2 2 2 2 1 ] [ 3 3 3 3 3 3 3 ] [ 8 4 4 4 1 ]
[ 2 2 2 2 2 2 2 2 2 2 1 ] [ 3 3 3 3 3 3 3 ] [ 8 8 2 2 1 ]
[ 2 2 2 2 2 2 2 2 2 2 1 ] [ 3 3 3 3 3 3 3 ] [ 9 4 4 2 2 ]
[ 2 2 2 2 2 2 2 2 2 2 1 ] [ 3 3 3 3 3 3 3 ] [ 9 6 2 2 2 ]
[ 2 2 2 2 2 2 2 2 2 2 1 ] [ 3 3 3 3 3 3 3 ] [ 11 4 2 2 2 ]
[ 2 2 2 2 2 2 2 2 2 2 1 ] [ 3 3 3 3 3 3 3 ] [ 13 2 2 2 2 ]
[ 2 2 2 2 2 2 2 2 2 2 1 ] [ 4 4 4 4 4 1 ] [ 4 4 4 4 4 1 ]
[ 2 2 2 2 2 2 2 2 2 2 1 ] [ 4 4 4 4 4 1 ] [ 6 3 3 3 3 3 ]
[ 2 2 2 2 2 2 2 2 2 2 1 ] [ 5 2 2 2 2 2 2 2 2 ] [ 7 7 7 ]
[ 2 2 2 2 2 2 2 2 2 2 1 ] [ 6 3 3 3 3 3 ] [ 9 4 2 2 2 2 ]
[ 2 2 2 2 2 2 2 2 2 2 1 ] [ 6 3 3 3 3 3 ] [ 11 2 2 2 2 2 ]
[ 2 2 2 2 2 2 2 2 2 2 1 ] [ 6 6 3 3 3 ] [ 9 2 2 2 2 2 2 ]
[ 2 2 2 2 2 2 2 2 2 2 1 ] [ 9 2 2 2 2 2 2 ] [ 9 3 3 3 3 ]
[ 3 2 2 2 2 2 2 2 2 2 ] [ 3 3 3 3 3 3 3 ] [ 4 4 4 4 4 1 ]
[ 3 2 2 2 2 2 2 2 2 2 ] [ 3 3 3 3 3 3 3 ] [ 9 4 2 2 2 2 ]
[ 3 2 2 2 2 2 2 2 2 2 ] [ 3 3 3 3 3 3 3 ] [ 11 2 2 2 2 2 ]
[ 3 2 2 2 2 2 2 2 2 2 ] [ 6 3 3 3 3 3 ] [ 9 2 2 2 2 2 2 ]
[ 3 3 3 3 3 3 3 ] [ 4 2 2 2 2 2 2 2 2 1 ] [ 4 4 4 4 4 1 ]
[ 3 3 3 3 3 3 3 ] [ 4 2 2 2 2 2 2 2 2 1 ] [ 9 4 2 2 2 2 ]
[ 3 3 3 3 3 3 3 ] [ 4 2 2 2 2 2 2 2 2 1 ] [ 11 2 2 2 2 2 ]
[ 3 3 3 3 3 3 3 ] [ 4 3 2 2 2 2 2 2 2 ] [ 9 2 2 2 2 2 2 ]
[ 3 3 3 3 3 3 3 ] [ 4 4 2 2 2 2 2 2 1 ] [ 9 2 2 2 2 2 2 ]
[ 3 3 3 3 3 3 3 ] [ 5 2 2 2 2 2 2 2 2 ] [ 9 2 2 2 2 2 2 ]
[ 3 3 3 3 3 3 3 ] [ 6 2 2 2 2 2 2 2 1 ] [ 9 2 2 2 2 2 2 ]
[ 4 2 2 2 2 2 2 2 2 1 ] [ 6 3 3 3 3 3 ] [ 9 2 2 2 2 2 2 ]

=== End of Results ===
