=== Classification Results (d=14) ===

=== Type 0 === (Count: 1)
[ 2 2 2 2 2 2 2 ] [ 5 3 2 2 2 ] [ 7 7 ]

=== Type 1 === (Count: 34)
[ 2 2 2 2 2 2 2 ] [ 2 2 2 2 2 2 2 ] [ 13 1 ]
[ 2 2 2 2 2 2 2 ] [ 4 2 2 2 2 2 ] [ 12 1 1 ]
[ 2 2 2 2 2 2 2 ] [ 4 4 2 2 2 ] [ 11 1 1 1 ]
[ 2 2 2 2 2 2 2 ] [ 4 4 4 2 ] [ 10 1 1 1 1 ]
[ 2 2 2 2 2 2 2 ] [ 6 2 2 2 2 ] [ 11 1 1 1 ]
[ 2 2 2 2 2 2 2 ] [ 6 4 2 2 ] [ 10 1 1 1 1 ]
[ 2 2 2 2 2 2 2 ] [ 6 4 4 ] [ 9 1 1 1 1 1 ]
[ 2 2 2 2 2 2 2 ] [ 6 6 2 ] [ 9 1 1 1 1 1 ]
[ 2 2 2 2 2 2 2 ] [ 8 1 1 1 1 1 1 ] [ 8 6 ]
[ 2 2 2 2 2 2 2 ] [ 8 1 1 1 1 1 1 ] [ 10 4 ]
[ 2 2 2 2 2 2 2 ] [ 8 1 1 1 1 1 1 ] [ 12 2 ]
[ 2 2 2 2 2 2 2 ] [ 8 2 2 2 ] [ 10 1 1 1 1 ]
[ 2 2 2 2 2 2 2 ] [ 8 4 2 ] [ 9 1 1 1 1 1 ]
[ 2 2 2 2 2 2 2 ] [ 9 1 1 1 1 1 ] [ 10 2 2 ]
[ 3 1 1 1 1 1 1 1 1 1 1 1 ] [ 7 7 ] [ 7 7 ]
[ 4 2 2 2 2 2 ] [ 4 2 2 2 2 2 ] [ 11 1 1 1 ]
[ 4 2 2 2 2 2 ] [ 4 4 2 2 2 ] [ 10 1 1 1 1 ]
[ 4 2 2 2 2 2 ] [ 4 4 4 2 ] [ 9 1 1 1 1 1 ]
[ 4 2 2 2 2 2 ] [ 6 2 2 2 2 ] [ 10 1 1 1 1 ]
[ 4 2 2 2 2 2 ] [ 6 4 2 2 ] [ 9 1 1 1 1 1 ]
[ 4 2 2 2 2 2 ] [ 6 4 4 ] [ 8 1 1 1 1 1 1 ]
[ 4 2 2 2 2 2 ] [ 6 6 2 ] [ 8 1 1 1 1 1 1 ]
[ 4 2 2 2 2 2 ] [ 8 1 1 1 1 1 1 ] [ 8 4 2 ]
[ 4 2 2 2 2 2 ] [ 8 1 1 1 1 1 1 ] [ 10 2 2 ]
[ 4 2 2 2 2 2 ] [ 8 2 2 2 ] [ 9 1 1 1 1 1 ]
[ 4 4 2 2 2 ] [ 4 4 2 2 2 ] [ 9 1 1 1 1 1 ]
[ 4 4 2 2 2 ] [ 4 4 4 2 ] [ 8 1 1 1 1 1 1 ]
[ 4 4 2 2 2 ] [ 6 2 2 2 2 ] [ 9 1 1 1 1 1 ]
[ 4 4 2 2 2 ] [ 6 4 2 2 ] [ 8 1 1 1 1 1 1 ]
[ 4 4 2 2 2 ] [ 8 1 1 1 1 1 1 ] [ 8 2 2 2 ]
[ 4 4 4 2 ] [ 6 2 2 2 2 ] [ 8 1 1 1 1 1 1 ]
[ 6 2 2 2 2 ] [ 6 2 2 2 2 ] [ 9 1 1 1 1 1 ]
[ 6 2 2 2 2 ] [ 6 4 2 2 ] [ 8 1 1 1 1 1 1 ]
[ 6 2 2 2 2 ] [ 8 1 1 1 1 1 1 ] [ 8 2 2 2 ]

=== Type 2 === (Count: 91)
[ 2 2 2 2 2 2 2 ] [ 2 2 2 2 2 2 2 ] [ 8 6 ]
[ 2 2 2 2 2 2 2 ] [ 2 2 2 2 2 2 2 ] [ 9 5 ]
[ 2 2 2 2 2 2 2 ] [ 2 2 2 2 2 2 2 ] [ 10 4 ]
[ 2 2 2 2 2 2 2 ] [ 2 2 2 2 2 2 2 ] [ 11 3 ]
[ 2 2 2 2 2 2 2 ] [ 2 2 2 2 2 2 2 ] [ 12 2 ]
[ 2 2 2 2 2 2 2 ] [ 3 3 3 3 2 ] [ 4 4 4 2 ]
[ 2 2 2 2 2 2 2 ] [ 3 3 3 3 2 ] [ 6 4 2 2 ]
[ 2 2 2 2 2 2 2 ] [ 3 3 3 3 2 ] [ 8 2 2 2 ]
[ 2 2 2 2 2 2 2 ] [ 4 2 2 2 2 2 ] [ 5 5 4 ]
[ 2 2 2 2 2 2 2 ] [ 4 2 2 2 2 2 ] [ 6 4 4 ]
[ 2 2 2 2 2 2 2 ] [ 4 2 2 2 2 2 ] [ 6 5 3 ]
[ 2 2 2 2 2 2 2 ] [ 4 2 2 2 2 2 ] [ 6 6 2 ]
[ 2 2 2 2 2 2 2 ] [ 4 2 2 2 2 2 ] [ 8 3 3 ]
[ 2 2 2 2 2 2 2 ] [ 4 2 2 2 2 2 ] [ 8 4 2 ]
[ 2 2 2 2 2 2 2 ] [ 4 2 2 2 2 2 ] [ 8 5 1 ]
[ 2 2 2 2 2 2 2 ] [ 4 2 2 2 2 2 ] [ 9 3 2 ]
[ 2 2 2 2 2 2 2 ] [ 4 2 2 2 2 2 ] [ 9 4 1 ]
[ 2 2 2 2 2 2 2 ] [ 4 2 2 2 2 2 ] [ 10 2 2 ]
[ 2 2 2 2 2 2 2 ] [ 4 2 2 2 2 2 ] [ 10 3 1 ]
[ 2 2 2 2 2 2 2 ] [ 4 2 2 2 2 2 ] [ 11 2 1 ]
[ 2 2 2 2 2 2 2 ] [ 4 4 2 2 2 ] [ 4 4 4 2 ]
[ 2 2 2 2 2 2 2 ] [ 4 4 2 2 2 ] [ 5 3 3 3 ]
[ 2 2 2 2 2 2 2 ] [ 4 4 2 2 2 ] [ 5 4 4 1 ]
[ 2 2 2 2 2 2 2 ] [ 4 4 2 2 2 ] [ 5 5 3 1 ]
[ 2 2 2 2 2 2 2 ] [ 4 4 2 2 2 ] [ 6 3 3 2 ]
[ 2 2 2 2 2 2 2 ] [ 4 4 2 2 2 ] [ 6 4 2 2 ]
[ 2 2 2 2 2 2 2 ] [ 4 4 2 2 2 ] [ 8 2 2 2 ]
[ 2 2 2 2 2 2 2 ] [ 4 4 2 2 2 ] [ 8 3 2 1 ]
[ 2 2 2 2 2 2 2 ] [ 4 4 2 2 2 ] [ 8 4 1 1 ]
[ 2 2 2 2 2 2 2 ] [ 4 4 2 2 2 ] [ 9 2 2 1 ]
[ 2 2 2 2 2 2 2 ] [ 4 4 2 2 2 ] [ 9 3 1 1 ]
[ 2 2 2 2 2 2 2 ] [ 4 4 2 2 2 ] [ 10 2 1 1 ]
[ 2 2 2 2 2 2 2 ] [ 4 4 4 1 1 ] [ 4 4 4 2 ]
[ 2 2 2 2 2 2 2 ] [ 4 4 4 1 1 ] [ 6 4 2 2 ]
[ 2 2 2 2 2 2 2 ] [ 4 4 4 1 1 ] [ 8 2 2 2 ]
[ 2 2 2 2 2 2 2 ] [ 4 4 4 2 ] [ 6 2 2 2 2 ]
[ 2 2 2 2 2 2 2 ] [ 4 4 4 2 ] [ 8 2 2 1 1 ]
[ 2 2 2 2 2 2 2 ] [ 4 4 4 2 ] [ 8 3 1 1 1 ]
[ 2 2 2 2 2 2 2 ] [ 4 4 4 2 ] [ 9 2 1 1 1 ]
[ 2 2 2 2 2 2 2 ] [ 5 3 3 3 ] [ 6 2 2 2 2 ]
[ 2 2 2 2 2 2 2 ] [ 5 4 4 1 ] [ 6 2 2 2 2 ]
[ 2 2 2 2 2 2 2 ] [ 5 5 3 1 ] [ 6 2 2 2 2 ]
[ 2 2 2 2 2 2 2 ] [ 6 2 2 2 2 ] [ 6 3 3 2 ]
[ 2 2 2 2 2 2 2 ] [ 6 2 2 2 2 ] [ 6 4 2 2 ]
[ 2 2 2 2 2 2 2 ] [ 6 2 2 2 2 ] [ 8 2 2 2 ]
[ 2 2 2 2 2 2 2 ] [ 6 2 2 2 2 ] [ 8 3 2 1 ]
[ 2 2 2 2 2 2 2 ] [ 6 2 2 2 2 ] [ 8 4 1 1 ]
[ 2 2 2 2 2 2 2 ] [ 6 2 2 2 2 ] [ 9 2 2 1 ]
[ 2 2 2 2 2 2 2 ] [ 6 2 2 2 2 ] [ 9 3 1 1 ]
[ 2 2 2 2 2 2 2 ] [ 6 2 2 2 2 ] [ 10 2 1 1 ]
[ 2 2 2 2 2 2 2 ] [ 6 4 2 2 ] [ 8 2 2 1 1 ]
[ 2 2 2 2 2 2 2 ] [ 6 4 2 2 ] [ 8 3 1 1 1 ]
[ 2 2 2 2 2 2 2 ] [ 6 4 2 2 ] [ 9 2 1 1 1 ]
[ 2 2 2 2 2 2 2 ] [ 6 4 4 ] [ 8 2 1 1 1 1 ]
[ 2 2 2 2 2 2 2 ] [ 6 6 2 ] [ 8 2 1 1 1 1 ]
[ 2 2 2 2 2 2 2 ] [ 8 2 1 1 1 1 ] [ 8 4 2 ]
[ 2 2 2 2 2 2 2 ] [ 8 2 1 1 1 1 ] [ 10 2 2 ]
[ 2 2 2 2 2 2 2 ] [ 8 2 2 1 1 ] [ 8 2 2 2 ]
[ 2 2 2 2 2 2 2 ] [ 8 2 2 2 ] [ 8 3 1 1 1 ]
[ 2 2 2 2 2 2 2 ] [ 8 2 2 2 ] [ 9 2 1 1 1 ]
[ 3 3 3 3 2 ] [ 4 2 2 2 2 2 ] [ 4 4 2 2 2 ]
[ 3 3 3 3 2 ] [ 4 2 2 2 2 2 ] [ 6 2 2 2 2 ]
[ 4 2 2 2 2 2 ] [ 4 2 2 2 2 2 ] [ 4 4 4 2 ]
[ 4 2 2 2 2 2 ] [ 4 2 2 2 2 2 ] [ 5 3 3 3 ]
[ 4 2 2 2 2 2 ] [ 4 2 2 2 2 2 ] [ 5 4 4 1 ]
[ 4 2 2 2 2 2 ] [ 4 2 2 2 2 2 ] [ 5 5 3 1 ]
[ 4 2 2 2 2 2 ] [ 4 2 2 2 2 2 ] [ 6 3 3 2 ]
[ 4 2 2 2 2 2 ] [ 4 2 2 2 2 2 ] [ 6 4 2 2 ]
[ 4 2 2 2 2 2 ] [ 4 2 2 2 2 2 ] [ 8 2 2 2 ]
[ 4 2 2 2 2 2 ] [ 4 2 2 2 2 2 ] [ 8 3 2 1 ]
[ 4 2 2 2 2 2 ] [ 4 2 2 2 2 2 ] [ 8 4 1 1 ]
[ 4 2 2 2 2 2 ] [ 4 2 2 2 2 2 ] [ 9 2 2 1 ]
[ 4 2 2 2 2 2 ] [ 4 2 2 2 2 2 ] [ 9 3 1 1 ]
[ 4 2 2 2 2 2 ] [ 4 2 2 2 2 2 ] [ 10 2 1 1 ]
[ 4 2 2 2 2 2 ] [ 4 4 2 2 2 ] [ 4 4 2 2 2 ]
[ 4 2 2 2 2 2 ] [ 4 4 2 2 2 ] [ 4 4 4 1 1 ]
[ 4 2 2 2 2 2 ] [ 4 4 2 2 2 ] [ 6 2 2 2 2 ]
[ 4 2 2 2 2 2 ] [ 4 4 2 2 2 ] [ 8 2 2 1 1 ]
[ 4 2 2 2 2 2 ] [ 4 4 2 2 2 ] [ 8 3 1 1 1 ]
[ 4 2 2 2 2 2 ] [ 4 4 2 2 2 ] [ 9 2 1 1 1 ]
[ 4 2 2 2 2 2 ] [ 4 4 4 1 1 ] [ 6 2 2 2 2 ]
[ 4 2 2 2 2 2 ] [ 4 4 4 2 ] [ 8 2 1 1 1 1 ]
[ 4 2 2 2 2 2 ] [ 6 2 2 2 2 ] [ 6 2 2 2 2 ]
[ 4 2 2 2 2 2 ] [ 6 2 2 2 2 ] [ 8 2 2 1 1 ]
[ 4 2 2 2 2 2 ] [ 6 2 2 2 2 ] [ 8 3 1 1 1 ]
[ 4 2 2 2 2 2 ] [ 6 2 2 2 2 ] [ 9 2 1 1 1 ]
[ 4 2 2 2 2 2 ] [ 6 4 2 2 ] [ 8 2 1 1 1 1 ]
[ 4 2 2 2 2 2 ] [ 8 2 1 1 1 1 ] [ 8 2 2 2 ]
[ 4 4 2 2 2 ] [ 4 4 2 2 2 ] [ 8 2 1 1 1 1 ]
[ 4 4 2 2 2 ] [ 6 2 2 2 2 ] [ 8 2 1 1 1 1 ]
[ 6 2 2 2 2 ] [ 6 2 2 2 2 ] [ 8 2 1 1 1 1 ]

=== Type 3 === (Count: 23)
[ 2 2 2 2 2 2 2 ] [ 3 2 2 2 2 2 1 ] [ 7 7 ]
[ 2 2 2 2 2 2 2 ] [ 3 3 2 2 2 2 ] [ 7 4 3 ]
[ 2 2 2 2 2 2 2 ] [ 3 3 2 2 2 2 ] [ 7 5 2 ]
[ 2 2 2 2 2 2 2 ] [ 3 3 2 2 2 2 ] [ 7 6 1 ]
[ 2 2 2 2 2 2 2 ] [ 3 3 3 3 1 1 ] [ 7 4 3 ]
[ 2 2 2 2 2 2 2 ] [ 3 3 3 3 1 1 ] [ 7 5 2 ]
[ 2 2 2 2 2 2 2 ] [ 3 3 3 3 2 ] [ 5 3 3 3 ]
[ 2 2 2 2 2 2 2 ] [ 3 3 3 3 2 ] [ 5 4 4 1 ]
[ 2 2 2 2 2 2 2 ] [ 3 3 3 3 2 ] [ 5 5 3 1 ]
[ 2 2 2 2 2 2 2 ] [ 3 3 3 3 2 ] [ 6 3 3 2 ]
[ 2 2 2 2 2 2 2 ] [ 3 3 3 3 2 ] [ 8 4 1 1 ]
[ 2 2 2 2 2 2 2 ] [ 4 3 3 3 1 ] [ 4 4 3 3 ]
[ 2 2 2 2 2 2 2 ] [ 4 3 3 3 1 ] [ 5 5 2 2 ]
[ 2 2 2 2 2 2 2 ] [ 4 4 3 3 ] [ 5 3 2 2 2 ]
[ 2 2 2 2 2 2 2 ] [ 4 4 4 1 1 ] [ 5 3 3 3 ]
[ 2 2 2 2 2 2 2 ] [ 4 4 4 1 1 ] [ 6 3 3 2 ]
[ 2 2 2 2 2 2 2 ] [ 5 3 2 2 2 ] [ 5 5 2 2 ]
[ 2 2 2 2 2 2 2 ] [ 5 3 2 2 2 ] [ 6 6 1 1 ]
[ 2 2 2 2 2 2 2 ] [ 5 4 1 1 1 1 1 ] [ 7 7 ]
[ 2 2 2 2 2 2 2 ] [ 5 5 1 1 1 1 ] [ 7 5 2 ]
[ 2 2 2 2 2 2 2 ] [ 5 5 2 2 ] [ 6 5 1 1 1 ]
[ 3 3 3 3 2 ] [ 3 3 3 3 2 ] [ 4 2 2 2 2 2 ]
[ 3 3 3 3 2 ] [ 4 2 2 2 2 2 ] [ 4 4 4 1 1 ]

=== End of Results ===
