=== Classification Results (d=15) ===

=== Type 0 === (Count: 2)
[ 3 3 3 3 3 ] [ 3 3 3 3 3 ] [ 4 3 3 3 2 ]
[ 3 3 3 3 3 ] [ 3 3 3 3 3 ] [ 4 4 4 2 1 ]

=== Type 1 === (Count: 11)
[ 3 3 3 3 3 ] [ 3 3 3 3 3 ] [ 9 1 1 1 1 1 1 ]
[ 3 3 3 3 3 ] [ 6 1 1 1 1 1 1 1 1 1 ] [ 9 6 ]
[ 3 3 3 3 3 ] [ 6 1 1 1 1 1 1 1 1 1 ] [ 12 3 ]
[ 3 3 3 3 3 ] [ 6 3 3 3 ] [ 8 1 1 1 1 1 1 1 ]
[ 3 3 3 3 3 ] [ 6 6 3 ] [ 7 1 1 1 1 1 1 1 1 ]
[ 3 3 3 3 3 ] [ 7 1 1 1 1 1 1 1 1 ] [ 9 3 3 ]
[ 4 1 1 1 1 1 1 1 1 1 1 1 ] [ 5 5 5 ] [ 10 5 ]
[ 5 1 1 1 1 1 1 1 1 1 1 ] [ 5 5 5 ] [ 5 5 5 ]
[ 6 1 1 1 1 1 1 1 1 1 ] [ 6 3 3 3 ] [ 6 6 3 ]
[ 6 1 1 1 1 1 1 1 1 1 ] [ 6 3 3 3 ] [ 9 3 3 ]
[ 6 3 3 3 ] [ 6 3 3 3 ] [ 7 1 1 1 1 1 1 1 1 ]

=== Type 2 === (Count: 17)
[ 2 2 2 2 2 2 2 1 ] [ 3 3 3 3 3 ] [ 6 3 3 3 ]
[ 3 2 2 2 2 2 2 ] [ 3 3 3 3 3 ] [ 3 3 3 3 3 ]
[ 3 3 3 3 1 1 1 ] [ 3 3 3 3 3 ] [ 3 3 3 3 3 ]
[ 3 3 3 3 3 ] [ 3 3 3 3 3 ] [ 4 2 2 2 2 2 1 ]
[ 3 3 3 3 3 ] [ 3 3 3 3 3 ] [ 6 2 2 2 1 1 1 ]
[ 3 3 3 3 3 ] [ 3 3 3 3 3 ] [ 6 3 2 1 1 1 1 ]
[ 3 3 3 3 3 ] [ 3 3 3 3 3 ] [ 6 4 1 1 1 1 1 ]
[ 3 3 3 3 3 ] [ 3 3 3 3 3 ] [ 7 2 2 1 1 1 1 ]
[ 3 3 3 3 3 ] [ 3 3 3 3 3 ] [ 7 3 1 1 1 1 1 ]
[ 3 3 3 3 3 ] [ 3 3 3 3 3 ] [ 8 2 1 1 1 1 1 ]
[ 3 3 3 3 3 ] [ 6 2 1 1 1 1 1 1 1 ] [ 6 6 3 ]
[ 3 3 3 3 3 ] [ 6 2 1 1 1 1 1 1 1 ] [ 9 3 3 ]
[ 3 3 3 3 3 ] [ 6 2 2 1 1 1 1 1 ] [ 6 3 3 3 ]
[ 3 3 3 3 3 ] [ 6 3 1 1 1 1 1 1 ] [ 6 3 3 3 ]
[ 3 3 3 3 3 ] [ 6 3 3 3 ] [ 7 2 1 1 1 1 1 1 ]
[ 4 2 1 1 1 1 1 1 1 1 1 ] [ 5 5 5 ] [ 5 5 5 ]
[ 6 2 1 1 1 1 1 1 1 ] [ 6 3 3 3 ] [ 6 3 3 3 ]

=== Type 3 === (Count: 10)
[ 2 2 2 2 2 2 2 1 ] [ 3 3 3 3 3 ] [ 4 4 4 3 ]
[ 2 2 2 2 2 2 2 1 ] [ 3 3 3 3 3 ] [ 5 5 3 2 ]
[ 2 2 2 2 2 2 2 1 ] [ 3 3 3 3 3 ] [ 5 5 4 1 ]
[ 2 2 2 2 2 2 2 1 ] [ 3 3 3 3 3 ] [ 6 6 2 1 ]
[ 2 2 2 2 2 2 2 1 ] [ 3 3 3 3 3 ] [ 7 4 2 2 ]
[ 2 2 2 2 2 2 2 1 ] [ 3 3 3 3 3 ] [ 9 2 2 2 ]
[ 2 2 2 2 2 2 2 1 ] [ 5 2 2 2 2 2 ] [ 5 5 5 ]
[ 2 2 2 2 2 2 2 1 ] [ 6 3 3 3 ] [ 7 2 2 2 2 ]
[ 3 2 2 2 2 2 2 ] [ 3 3 3 3 3 ] [ 7 2 2 2 2 ]
[ 3 3 3 3 3 ] [ 4 2 2 2 2 2 1 ] [ 7 2 2 2 2 ]

=== End of Results ===
