=== Classification Results (d=20) ===

=== Type 0 === (Count: 4)
[ 2 2 2 2 2 2 2 2 2 2 ] [ 4 4 4 4 4 ] [ 5 4 4 4 3 ]
[ 2 2 2 2 2 2 2 2 2 2 ] [ 5 3 2 2 2 2 2 2 ] [ 10 10 ]
[ 2 2 2 2 2 2 2 2 2 2 ] [ 5 3 3 3 3 3 ] [ 5 5 5 5 ]
[ 2 2 2 2 2 2 2 2 2 2 ] [ 5 5 5 5 ] [ 7 5 2 2 2 2 ]

=== Type 1 === (Count: 199)
[ 2 2 2 2 2 2 2 2 2 2 ] [ 2 2 2 2 2 2 2 2 2 2 ] [ 19 1 ]
[ 2 2 2 2 2 2 2 2 2 2 ] [ 4 2 2 2 2 2 2 2 2 ] [ 18 1 1 ]
[ 2 2 2 2 2 2 2 2 2 2 ] [ 4 4 2 2 2 2 2 2 ] [ 17 1 1 1 ]
[ 2 2 2 2 2 2 2 2 2 2 ] [ 4 4 4 2 2 2 2 ] [ 16 1 1 1 1 ]
[ 2 2 2 2 2 2 2 2 2 2 ] [ 4 4 4 4 2 2 ] [ 15 1 1 1 1 1 ]
[ 2 2 2 2 2 2 2 2 2 2 ] [ 4 4 4 4 4 ] [ 14 1 1 1 1 1 1 ]
[ 2 2 2 2 2 2 2 2 2 2 ] [ 6 2 2 2 2 2 2 2 ] [ 17 1 1 1 ]
[ 2 2 2 2 2 2 2 2 2 2 ] [ 6 4 2 2 2 2 2 ] [ 16 1 1 1 1 ]
[ 2 2 2 2 2 2 2 2 2 2 ] [ 6 4 4 2 2 2 ] [ 15 1 1 1 1 1 ]
[ 2 2 2 2 2 2 2 2 2 2 ] [ 6 4 4 4 2 ] [ 14 1 1 1 1 1 1 ]
[ 2 2 2 2 2 2 2 2 2 2 ] [ 6 6 2 2 2 2 ] [ 15 1 1 1 1 1 ]
[ 2 2 2 2 2 2 2 2 2 2 ] [ 6 6 4 2 2 ] [ 14 1 1 1 1 1 1 ]
[ 2 2 2 2 2 2 2 2 2 2 ] [ 6 6 4 4 ] [ 13 1 1 1 1 1 1 1 ]
[ 2 2 2 2 2 2 2 2 2 2 ] [ 6 6 6 2 ] [ 13 1 1 1 1 1 1 1 ]
[ 2 2 2 2 2 2 2 2 2 2 ] [ 8 2 2 2 2 2 2 ] [ 16 1 1 1 1 ]
[ 2 2 2 2 2 2 2 2 2 2 ] [ 8 4 2 2 2 2 ] [ 15 1 1 1 1 1 ]
[ 2 2 2 2 2 2 2 2 2 2 ] [ 8 4 4 2 2 ] [ 14 1 1 1 1 1 1 ]
[ 2 2 2 2 2 2 2 2 2 2 ] [ 8 4 4 4 ] [ 13 1 1 1 1 1 1 1 ]
[ 2 2 2 2 2 2 2 2 2 2 ] [ 8 6 2 2 2 ] [ 14 1 1 1 1 1 1 ]
[ 2 2 2 2 2 2 2 2 2 2 ] [ 8 6 4 2 ] [ 13 1 1 1 1 1 1 1 ]
[ 2 2 2 2 2 2 2 2 2 2 ] [ 8 6 6 ] [ 12 1 1 1 1 1 1 1 1 ]
[ 2 2 2 2 2 2 2 2 2 2 ] [ 8 8 2 2 ] [ 13 1 1 1 1 1 1 1 ]
[ 2 2 2 2 2 2 2 2 2 2 ] [ 8 8 4 ] [ 12 1 1 1 1 1 1 1 1 ]
[ 2 2 2 2 2 2 2 2 2 2 ] [ 10 2 2 2 2 2 ] [ 15 1 1 1 1 1 ]
[ 2 2 2 2 2 2 2 2 2 2 ] [ 10 4 2 2 2 ] [ 14 1 1 1 1 1 1 ]
[ 2 2 2 2 2 2 2 2 2 2 ] [ 10 4 4 2 ] [ 13 1 1 1 1 1 1 1 ]
[ 2 2 2 2 2 2 2 2 2 2 ] [ 10 6 2 2 ] [ 13 1 1 1 1 1 1 1 ]
[ 2 2 2 2 2 2 2 2 2 2 ] [ 10 6 4 ] [ 12 1 1 1 1 1 1 1 1 ]
[ 2 2 2 2 2 2 2 2 2 2 ] [ 10 8 2 ] [ 12 1 1 1 1 1 1 1 1 ]
[ 2 2 2 2 2 2 2 2 2 2 ] [ 10 10 ] [ 11 1 1 1 1 1 1 1 1 1 ]
[ 2 2 2 2 2 2 2 2 2 2 ] [ 11 1 1 1 1 1 1 1 1 1 ] [ 12 8 ]
[ 2 2 2 2 2 2 2 2 2 2 ] [ 11 1 1 1 1 1 1 1 1 1 ] [ 14 6 ]
[ 2 2 2 2 2 2 2 2 2 2 ] [ 11 1 1 1 1 1 1 1 1 1 ] [ 16 4 ]
[ 2 2 2 2 2 2 2 2 2 2 ] [ 11 1 1 1 1 1 1 1 1 1 ] [ 18 2 ]
[ 2 2 2 2 2 2 2 2 2 2 ] [ 12 1 1 1 1 1 1 1 1 ] [ 12 4 4 ]
[ 2 2 2 2 2 2 2 2 2 2 ] [ 12 1 1 1 1 1 1 1 1 ] [ 12 6 2 ]
[ 2 2 2 2 2 2 2 2 2 2 ] [ 12 1 1 1 1 1 1 1 1 ] [ 14 4 2 ]
[ 2 2 2 2 2 2 2 2 2 2 ] [ 12 1 1 1 1 1 1 1 1 ] [ 16 2 2 ]
[ 2 2 2 2 2 2 2 2 2 2 ] [ 12 2 2 2 2 ] [ 14 1 1 1 1 1 1 ]
[ 2 2 2 2 2 2 2 2 2 2 ] [ 12 4 2 2 ] [ 13 1 1 1 1 1 1 1 ]
[ 2 2 2 2 2 2 2 2 2 2 ] [ 13 1 1 1 1 1 1 1 ] [ 14 2 2 2 ]
[ 3 1 1 1 1 1 1 1 1 1 1 1 1 1 1 1 1 1 ] [ 10 10 ] [ 10 10 ]
[ 4 2 2 2 2 2 2 2 2 ] [ 4 2 2 2 2 2 2 2 2 ] [ 17 1 1 1 ]
[ 4 2 2 2 2 2 2 2 2 ] [ 4 4 2 2 2 2 2 2 ] [ 16 1 1 1 1 ]
[ 4 2 2 2 2 2 2 2 2 ] [ 4 4 4 2 2 2 2 ] [ 15 1 1 1 1 1 ]
[ 4 2 2 2 2 2 2 2 2 ] [ 4 4 4 4 2 2 ] [ 14 1 1 1 1 1 1 ]
[ 4 2 2 2 2 2 2 2 2 ] [ 4 4 4 4 4 ] [ 13 1 1 1 1 1 1 1 ]
[ 4 2 2 2 2 2 2 2 2 ] [ 6 2 2 2 2 2 2 2 ] [ 16 1 1 1 1 ]
[ 4 2 2 2 2 2 2 2 2 ] [ 6 4 2 2 2 2 2 ] [ 15 1 1 1 1 1 ]
[ 4 2 2 2 2 2 2 2 2 ] [ 6 4 4 2 2 2 ] [ 14 1 1 1 1 1 1 ]
[ 4 2 2 2 2 2 2 2 2 ] [ 6 4 4 4 2 ] [ 13 1 1 1 1 1 1 1 ]
[ 4 2 2 2 2 2 2 2 2 ] [ 6 6 2 2 2 2 ] [ 14 1 1 1 1 1 1 ]
[ 4 2 2 2 2 2 2 2 2 ] [ 6 6 4 2 2 ] [ 13 1 1 1 1 1 1 1 ]
[ 4 2 2 2 2 2 2 2 2 ] [ 6 6 4 4 ] [ 12 1 1 1 1 1 1 1 1 ]
[ 4 2 2 2 2 2 2 2 2 ] [ 6 6 6 2 ] [ 12 1 1 1 1 1 1 1 1 ]
[ 4 2 2 2 2 2 2 2 2 ] [ 8 2 2 2 2 2 2 ] [ 15 1 1 1 1 1 ]
[ 4 2 2 2 2 2 2 2 2 ] [ 8 4 2 2 2 2 ] [ 14 1 1 1 1 1 1 ]
[ 4 2 2 2 2 2 2 2 2 ] [ 8 4 4 2 2 ] [ 13 1 1 1 1 1 1 1 ]
[ 4 2 2 2 2 2 2 2 2 ] [ 8 4 4 4 ] [ 12 1 1 1 1 1 1 1 1 ]
[ 4 2 2 2 2 2 2 2 2 ] [ 8 6 2 2 2 ] [ 13 1 1 1 1 1 1 1 ]
[ 4 2 2 2 2 2 2 2 2 ] [ 8 6 4 2 ] [ 12 1 1 1 1 1 1 1 1 ]
[ 4 2 2 2 2 2 2 2 2 ] [ 8 6 6 ] [ 11 1 1 1 1 1 1 1 1 1 ]
[ 4 2 2 2 2 2 2 2 2 ] [ 8 8 2 2 ] [ 12 1 1 1 1 1 1 1 1 ]
[ 4 2 2 2 2 2 2 2 2 ] [ 8 8 4 ] [ 11 1 1 1 1 1 1 1 1 1 ]
[ 4 2 2 2 2 2 2 2 2 ] [ 10 2 2 2 2 2 ] [ 14 1 1 1 1 1 1 ]
[ 4 2 2 2 2 2 2 2 2 ] [ 10 4 2 2 2 ] [ 13 1 1 1 1 1 1 1 ]
[ 4 2 2 2 2 2 2 2 2 ] [ 10 4 4 2 ] [ 12 1 1 1 1 1 1 1 1 ]
[ 4 2 2 2 2 2 2 2 2 ] [ 10 6 2 2 ] [ 12 1 1 1 1 1 1 1 1 ]
[ 4 2 2 2 2 2 2 2 2 ] [ 10 6 4 ] [ 11 1 1 1 1 1 1 1 1 1 ]
[ 4 2 2 2 2 2 2 2 2 ] [ 10 8 2 ] [ 11 1 1 1 1 1 1 1 1 1 ]
[ 4 2 2 2 2 2 2 2 2 ] [ 11 1 1 1 1 1 1 1 1 1 ] [ 12 4 4 ]
[ 4 2 2 2 2 2 2 2 2 ] [ 11 1 1 1 1 1 1 1 1 1 ] [ 12 6 2 ]
[ 4 2 2 2 2 2 2 2 2 ] [ 11 1 1 1 1 1 1 1 1 1 ] [ 14 4 2 ]
[ 4 2 2 2 2 2 2 2 2 ] [ 11 1 1 1 1 1 1 1 1 1 ] [ 16 2 2 ]
[ 4 2 2 2 2 2 2 2 2 ] [ 12 1 1 1 1 1 1 1 1 ] [ 12 4 2 2 ]
[ 4 2 2 2 2 2 2 2 2 ] [ 12 1 1 1 1 1 1 1 1 ] [ 14 2 2 2 ]
[ 4 2 2 2 2 2 2 2 2 ] [ 12 2 2 2 2 ] [ 13 1 1 1 1 1 1 1 ]
[ 4 4 2 2 2 2 2 2 ] [ 4 4 2 2 2 2 2 2 ] [ 15 1 1 1 1 1 ]
[ 4 4 2 2 2 2 2 2 ] [ 4 4 4 2 2 2 2 ] [ 14 1 1 1 1 1 1 ]
[ 4 4 2 2 2 2 2 2 ] [ 4 4 4 4 2 2 ] [ 13 1 1 1 1 1 1 1 ]
[ 4 4 2 2 2 2 2 2 ] [ 4 4 4 4 4 ] [ 12 1 1 1 1 1 1 1 1 ]
[ 4 4 2 2 2 2 2 2 ] [ 6 2 2 2 2 2 2 2 ] [ 15 1 1 1 1 1 ]
[ 4 4 2 2 2 2 2 2 ] [ 6 4 2 2 2 2 2 ] [ 14 1 1 1 1 1 1 ]
[ 4 4 2 2 2 2 2 2 ] [ 6 4 4 2 2 2 ] [ 13 1 1 1 1 1 1 1 ]
[ 4 4 2 2 2 2 2 2 ] [ 6 4 4 4 2 ] [ 12 1 1 1 1 1 1 1 1 ]
[ 4 4 2 2 2 2 2 2 ] [ 6 6 2 2 2 2 ] [ 13 1 1 1 1 1 1 1 ]
[ 4 4 2 2 2 2 2 2 ] [ 6 6 4 2 2 ] [ 12 1 1 1 1 1 1 1 1 ]
[ 4 4 2 2 2 2 2 2 ] [ 6 6 4 4 ] [ 11 1 1 1 1 1 1 1 1 1 ]
[ 4 4 2 2 2 2 2 2 ] [ 6 6 6 2 ] [ 11 1 1 1 1 1 1 1 1 1 ]
[ 4 4 2 2 2 2 2 2 ] [ 8 2 2 2 2 2 2 ] [ 14 1 1 1 1 1 1 ]
[ 4 4 2 2 2 2 2 2 ] [ 8 4 2 2 2 2 ] [ 13 1 1 1 1 1 1 1 ]
[ 4 4 2 2 2 2 2 2 ] [ 8 4 4 2 2 ] [ 12 1 1 1 1 1 1 1 1 ]
[ 4 4 2 2 2 2 2 2 ] [ 8 4 4 4 ] [ 11 1 1 1 1 1 1 1 1 1 ]
[ 4 4 2 2 2 2 2 2 ] [ 8 6 2 2 2 ] [ 12 1 1 1 1 1 1 1 1 ]
[ 4 4 2 2 2 2 2 2 ] [ 8 6 4 2 ] [ 11 1 1 1 1 1 1 1 1 1 ]
[ 4 4 2 2 2 2 2 2 ] [ 8 8 2 2 ] [ 11 1 1 1 1 1 1 1 1 1 ]
[ 4 4 2 2 2 2 2 2 ] [ 10 2 2 2 2 2 ] [ 13 1 1 1 1 1 1 1 ]
[ 4 4 2 2 2 2 2 2 ] [ 10 4 2 2 2 ] [ 12 1 1 1 1 1 1 1 1 ]
[ 4 4 2 2 2 2 2 2 ] [ 10 4 4 2 ] [ 11 1 1 1 1 1 1 1 1 1 ]
[ 4 4 2 2 2 2 2 2 ] [ 10 6 2 2 ] [ 11 1 1 1 1 1 1 1 1 1 ]
[ 4 4 2 2 2 2 2 2 ] [ 11 1 1 1 1 1 1 1 1 1 ] [ 12 4 2 2 ]
[ 4 4 2 2 2 2 2 2 ] [ 11 1 1 1 1 1 1 1 1 1 ] [ 14 2 2 2 ]
[ 4 4 2 2 2 2 2 2 ] [ 12 1 1 1 1 1 1 1 1 ] [ 12 2 2 2 2 ]
[ 4 4 4 2 2 2 2 ] [ 4 4 4 2 2 2 2 ] [ 13 1 1 1 1 1 1 1 ]
[ 4 4 4 2 2 2 2 ] [ 4 4 4 4 2 2 ] [ 12 1 1 1 1 1 1 1 1 ]
[ 4 4 4 2 2 2 2 ] [ 4 4 4 4 4 ] [ 11 1 1 1 1 1 1 1 1 1 ]
[ 4 4 4 2 2 2 2 ] [ 6 2 2 2 2 2 2 2 ] [ 14 1 1 1 1 1 1 ]
[ 4 4 4 2 2 2 2 ] [ 6 4 2 2 2 2 2 ] [ 13 1 1 1 1 1 1 1 ]
[ 4 4 4 2 2 2 2 ] [ 6 4 4 2 2 2 ] [ 12 1 1 1 1 1 1 1 1 ]
[ 4 4 4 2 2 2 2 ] [ 6 4 4 4 2 ] [ 11 1 1 1 1 1 1 1 1 1 ]
[ 4 4 4 2 2 2 2 ] [ 6 6 2 2 2 2 ] [ 12 1 1 1 1 1 1 1 1 ]
[ 4 4 4 2 2 2 2 ] [ 6 6 4 2 2 ] [ 11 1 1 1 1 1 1 1 1 1 ]
[ 4 4 4 2 2 2 2 ] [ 8 2 2 2 2 2 2 ] [ 13 1 1 1 1 1 1 1 ]
[ 4 4 4 2 2 2 2 ] [ 8 4 2 2 2 2 ] [ 12 1 1 1 1 1 1 1 1 ]
[ 4 4 4 2 2 2 2 ] [ 8 4 4 2 2 ] [ 11 1 1 1 1 1 1 1 1 1 ]
[ 4 4 4 2 2 2 2 ] [ 8 6 2 2 2 ] [ 11 1 1 1 1 1 1 1 1 1 ]
[ 4 4 4 2 2 2 2 ] [ 10 2 2 2 2 2 ] [ 12 1 1 1 1 1 1 1 1 ]
[ 4 4 4 2 2 2 2 ] [ 10 4 2 2 2 ] [ 11 1 1 1 1 1 1 1 1 1 ]
[ 4 4 4 2 2 2 2 ] [ 11 1 1 1 1 1 1 1 1 1 ] [ 12 2 2 2 2 ]
[ 4 4 4 4 2 2 ] [ 4 4 4 4 2 2 ] [ 11 1 1 1 1 1 1 1 1 1 ]
[ 4 4 4 4 2 2 ] [ 6 2 2 2 2 2 2 2 ] [ 13 1 1 1 1 1 1 1 ]
[ 4 4 4 4 2 2 ] [ 6 4 2 2 2 2 2 ] [ 12 1 1 1 1 1 1 1 1 ]
[ 4 4 4 4 2 2 ] [ 6 4 4 2 2 2 ] [ 11 1 1 1 1 1 1 1 1 1 ]
[ 4 4 4 4 2 2 ] [ 6 6 2 2 2 2 ] [ 11 1 1 1 1 1 1 1 1 1 ]
[ 4 4 4 4 2 2 ] [ 8 2 2 2 2 2 2 ] [ 12 1 1 1 1 1 1 1 1 ]
[ 4 4 4 4 2 2 ] [ 8 4 2 2 2 2 ] [ 11 1 1 1 1 1 1 1 1 1 ]
[ 4 4 4 4 2 2 ] [ 10 2 2 2 2 2 ] [ 11 1 1 1 1 1 1 1 1 1 ]
[ 4 4 4 4 4 ] [ 4 4 4 4 4 ] [ 9 1 1 1 1 1 1 1 1 1 1 1 ]
[ 4 4 4 4 4 ] [ 6 1 1 1 1 1 1 1 1 1 1 1 1 1 1 ] [ 12 8 ]
[ 4 4 4 4 4 ] [ 6 1 1 1 1 1 1 1 1 1 1 1 1 1 1 ] [ 16 4 ]
[ 4 4 4 4 4 ] [ 6 2 2 2 2 2 2 2 ] [ 12 1 1 1 1 1 1 1 1 ]
[ 4 4 4 4 4 ] [ 6 4 2 2 2 2 2 ] [ 11 1 1 1 1 1 1 1 1 1 ]
[ 4 4 4 4 4 ] [ 7 1 1 1 1 1 1 1 1 1 1 1 1 1 ] [ 8 8 4 ]
[ 4 4 4 4 4 ] [ 7 1 1 1 1 1 1 1 1 1 1 1 1 1 ] [ 12 4 4 ]
[ 4 4 4 4 4 ] [ 8 1 1 1 1 1 1 1 1 1 1 1 1 ] [ 8 4 4 4 ]
[ 4 4 4 4 4 ] [ 8 2 2 2 2 2 2 ] [ 11 1 1 1 1 1 1 1 1 1 ]
[ 5 1 1 1 1 1 1 1 1 1 1 1 1 1 1 1 ] [ 5 5 5 5 ] [ 10 10 ]
[ 5 1 1 1 1 1 1 1 1 1 1 1 1 1 1 1 ] [ 5 5 5 5 ] [ 15 5 ]
[ 5 1 1 1 1 1 1 1 1 1 1 1 1 1 1 1 ] [ 10 5 5 ] [ 10 5 5 ]
[ 5 5 5 5 ] [ 5 5 5 5 ] [ 7 1 1 1 1 1 1 1 1 1 1 1 1 1 ]
[ 5 5 5 5 ] [ 6 1 1 1 1 1 1 1 1 1 1 1 1 1 1 ] [ 10 5 5 ]
[ 6 1 1 1 1 1 1 1 1 1 1 1 1 1 1 ] [ 8 4 4 4 ] [ 8 8 4 ]
[ 6 1 1 1 1 1 1 1 1 1 1 1 1 1 1 ] [ 8 4 4 4 ] [ 12 4 4 ]
[ 6 2 2 2 2 2 2 2 ] [ 6 2 2 2 2 2 2 2 ] [ 15 1 1 1 1 1 ]
[ 6 2 2 2 2 2 2 2 ] [ 6 4 2 2 2 2 2 ] [ 14 1 1 1 1 1 1 ]
[ 6 2 2 2 2 2 2 2 ] [ 6 4 4 2 2 2 ] [ 13 1 1 1 1 1 1 1 ]
[ 6 2 2 2 2 2 2 2 ] [ 6 4 4 4 2 ] [ 12 1 1 1 1 1 1 1 1 ]
[ 6 2 2 2 2 2 2 2 ] [ 6 6 2 2 2 2 ] [ 13 1 1 1 1 1 1 1 ]
[ 6 2 2 2 2 2 2 2 ] [ 6 6 4 2 2 ] [ 12 1 1 1 1 1 1 1 1 ]
[ 6 2 2 2 2 2 2 2 ] [ 6 6 4 4 ] [ 11 1 1 1 1 1 1 1 1 1 ]
[ 6 2 2 2 2 2 2 2 ] [ 6 6 6 2 ] [ 11 1 1 1 1 1 1 1 1 1 ]
[ 6 2 2 2 2 2 2 2 ] [ 8 2 2 2 2 2 2 ] [ 14 1 1 1 1 1 1 ]
[ 6 2 2 2 2 2 2 2 ] [ 8 4 2 2 2 2 ] [ 13 1 1 1 1 1 1 1 ]
[ 6 2 2 2 2 2 2 2 ] [ 8 4 4 2 2 ] [ 12 1 1 1 1 1 1 1 1 ]
[ 6 2 2 2 2 2 2 2 ] [ 8 4 4 4 ] [ 11 1 1 1 1 1 1 1 1 1 ]
[ 6 2 2 2 2 2 2 2 ] [ 8 6 2 2 2 ] [ 12 1 1 1 1 1 1 1 1 ]
[ 6 2 2 2 2 2 2 2 ] [ 8 6 4 2 ] [ 11 1 1 1 1 1 1 1 1 1 ]
[ 6 2 2 2 2 2 2 2 ] [ 8 8 2 2 ] [ 11 1 1 1 1 1 1 1 1 1 ]
[ 6 2 2 2 2 2 2 2 ] [ 10 2 2 2 2 2 ] [ 13 1 1 1 1 1 1 1 ]
[ 6 2 2 2 2 2 2 2 ] [ 10 4 2 2 2 ] [ 12 1 1 1 1 1 1 1 1 ]
[ 6 2 2 2 2 2 2 2 ] [ 10 4 4 2 ] [ 11 1 1 1 1 1 1 1 1 1 ]
[ 6 2 2 2 2 2 2 2 ] [ 10 6 2 2 ] [ 11 1 1 1 1 1 1 1 1 1 ]
[ 6 2 2 2 2 2 2 2 ] [ 11 1 1 1 1 1 1 1 1 1 ] [ 12 4 2 2 ]
[ 6 2 2 2 2 2 2 2 ] [ 11 1 1 1 1 1 1 1 1 1 ] [ 14 2 2 2 ]
[ 6 2 2 2 2 2 2 2 ] [ 12 1 1 1 1 1 1 1 1 ] [ 12 2 2 2 2 ]
[ 6 4 2 2 2 2 2 ] [ 6 4 2 2 2 2 2 ] [ 13 1 1 1 1 1 1 1 ]
[ 6 4 2 2 2 2 2 ] [ 6 4 4 2 2 2 ] [ 12 1 1 1 1 1 1 1 1 ]
[ 6 4 2 2 2 2 2 ] [ 6 4 4 4 2 ] [ 11 1 1 1 1 1 1 1 1 1 ]
[ 6 4 2 2 2 2 2 ] [ 6 6 2 2 2 2 ] [ 12 1 1 1 1 1 1 1 1 ]
[ 6 4 2 2 2 2 2 ] [ 6 6 4 2 2 ] [ 11 1 1 1 1 1 1 1 1 1 ]
[ 6 4 2 2 2 2 2 ] [ 8 2 2 2 2 2 2 ] [ 13 1 1 1 1 1 1 1 ]
[ 6 4 2 2 2 2 2 ] [ 8 4 2 2 2 2 ] [ 12 1 1 1 1 1 1 1 1 ]
[ 6 4 2 2 2 2 2 ] [ 8 4 4 2 2 ] [ 11 1 1 1 1 1 1 1 1 1 ]
[ 6 4 2 2 2 2 2 ] [ 8 6 2 2 2 ] [ 11 1 1 1 1 1 1 1 1 1 ]
[ 6 4 2 2 2 2 2 ] [ 10 2 2 2 2 2 ] [ 12 1 1 1 1 1 1 1 1 ]
[ 6 4 2 2 2 2 2 ] [ 10 4 2 2 2 ] [ 11 1 1 1 1 1 1 1 1 1 ]
[ 6 4 2 2 2 2 2 ] [ 11 1 1 1 1 1 1 1 1 1 ] [ 12 2 2 2 2 ]
[ 6 4 4 2 2 2 ] [ 6 4 4 2 2 2 ] [ 11 1 1 1 1 1 1 1 1 1 ]
[ 6 4 4 2 2 2 ] [ 6 6 2 2 2 2 ] [ 11 1 1 1 1 1 1 1 1 1 ]
[ 6 4 4 2 2 2 ] [ 8 2 2 2 2 2 2 ] [ 12 1 1 1 1 1 1 1 1 ]
[ 6 4 4 2 2 2 ] [ 8 4 2 2 2 2 ] [ 11 1 1 1 1 1 1 1 1 1 ]
[ 6 4 4 2 2 2 ] [ 10 2 2 2 2 2 ] [ 11 1 1 1 1 1 1 1 1 1 ]
[ 6 4 4 4 2 ] [ 8 2 2 2 2 2 2 ] [ 11 1 1 1 1 1 1 1 1 1 ]
[ 6 6 2 2 2 2 ] [ 6 6 2 2 2 2 ] [ 11 1 1 1 1 1 1 1 1 1 ]
[ 6 6 2 2 2 2 ] [ 8 2 2 2 2 2 2 ] [ 12 1 1 1 1 1 1 1 1 ]
[ 6 6 2 2 2 2 ] [ 8 4 2 2 2 2 ] [ 11 1 1 1 1 1 1 1 1 1 ]
[ 6 6 2 2 2 2 ] [ 10 2 2 2 2 2 ] [ 11 1 1 1 1 1 1 1 1 1 ]
[ 6 6 4 2 2 ] [ 8 2 2 2 2 2 2 ] [ 11 1 1 1 1 1 1 1 1 1 ]
[ 7 1 1 1 1 1 1 1 1 1 1 1 1 1 ] [ 8 4 4 4 ] [ 8 4 4 4 ]
[ 8 2 2 2 2 2 2 ] [ 8 2 2 2 2 2 2 ] [ 13 1 1 1 1 1 1 1 ]
[ 8 2 2 2 2 2 2 ] [ 8 4 2 2 2 2 ] [ 12 1 1 1 1 1 1 1 1 ]
[ 8 2 2 2 2 2 2 ] [ 8 4 4 2 2 ] [ 11 1 1 1 1 1 1 1 1 1 ]
[ 8 2 2 2 2 2 2 ] [ 8 6 2 2 2 ] [ 11 1 1 1 1 1 1 1 1 1 ]
[ 8 2 2 2 2 2 2 ] [ 10 2 2 2 2 2 ] [ 12 1 1 1 1 1 1 1 1 ]
[ 8 2 2 2 2 2 2 ] [ 10 4 2 2 2 ] [ 11 1 1 1 1 1 1 1 1 1 ]
[ 8 2 2 2 2 2 2 ] [ 11 1 1 1 1 1 1 1 1 1 ] [ 12 2 2 2 2 ]
[ 8 4 2 2 2 2 ] [ 8 4 2 2 2 2 ] [ 11 1 1 1 1 1 1 1 1 1 ]
[ 8 4 2 2 2 2 ] [ 10 2 2 2 2 2 ] [ 11 1 1 1 1 1 1 1 1 1 ]
[ 10 2 2 2 2 2 ] [ 10 2 2 2 2 2 ] [ 11 1 1 1 1 1 1 1 1 1 ]

=== Type 2 === (Count: 796)
[ 2 2 2 2 2 2 2 2 2 2 ] [ 2 2 2 2 2 2 2 2 2 2 ] [ 11 9 ]
[ 2 2 2 2 2 2 2 2 2 2 ] [ 2 2 2 2 2 2 2 2 2 2 ] [ 12 8 ]
[ 2 2 2 2 2 2 2 2 2 2 ] [ 2 2 2 2 2 2 2 2 2 2 ] [ 13 7 ]
[ 2 2 2 2 2 2 2 2 2 2 ] [ 2 2 2 2 2 2 2 2 2 2 ] [ 14 6 ]
[ 2 2 2 2 2 2 2 2 2 2 ] [ 2 2 2 2 2 2 2 2 2 2 ] [ 15 5 ]
[ 2 2 2 2 2 2 2 2 2 2 ] [ 2 2 2 2 2 2 2 2 2 2 ] [ 16 4 ]
[ 2 2 2 2 2 2 2 2 2 2 ] [ 2 2 2 2 2 2 2 2 2 2 ] [ 17 3 ]
[ 2 2 2 2 2 2 2 2 2 2 ] [ 2 2 2 2 2 2 2 2 2 2 ] [ 18 2 ]
[ 2 2 2 2 2 2 2 2 2 2 ] [ 3 3 3 3 3 3 2 ] [ 4 4 4 4 4 ]
[ 2 2 2 2 2 2 2 2 2 2 ] [ 3 3 3 3 3 3 2 ] [ 6 4 4 4 2 ]
[ 2 2 2 2 2 2 2 2 2 2 ] [ 3 3 3 3 3 3 2 ] [ 6 6 4 2 2 ]
[ 2 2 2 2 2 2 2 2 2 2 ] [ 3 3 3 3 3 3 2 ] [ 8 4 4 2 2 ]
[ 2 2 2 2 2 2 2 2 2 2 ] [ 3 3 3 3 3 3 2 ] [ 8 6 2 2 2 ]
[ 2 2 2 2 2 2 2 2 2 2 ] [ 3 3 3 3 3 3 2 ] [ 10 4 2 2 2 ]
[ 2 2 2 2 2 2 2 2 2 2 ] [ 3 3 3 3 3 3 2 ] [ 12 2 2 2 2 ]
[ 2 2 2 2 2 2 2 2 2 2 ] [ 4 2 2 2 2 2 2 2 2 ] [ 7 7 6 ]
[ 2 2 2 2 2 2 2 2 2 2 ] [ 4 2 2 2 2 2 2 2 2 ] [ 8 6 6 ]
[ 2 2 2 2 2 2 2 2 2 2 ] [ 4 2 2 2 2 2 2 2 2 ] [ 8 7 5 ]
[ 2 2 2 2 2 2 2 2 2 2 ] [ 4 2 2 2 2 2 2 2 2 ] [ 8 8 4 ]
[ 2 2 2 2 2 2 2 2 2 2 ] [ 4 2 2 2 2 2 2 2 2 ] [ 9 6 5 ]
[ 2 2 2 2 2 2 2 2 2 2 ] [ 4 2 2 2 2 2 2 2 2 ] [ 9 7 4 ]
[ 2 2 2 2 2 2 2 2 2 2 ] [ 4 2 2 2 2 2 2 2 2 ] [ 9 8 3 ]
[ 2 2 2 2 2 2 2 2 2 2 ] [ 4 2 2 2 2 2 2 2 2 ] [ 9 9 2 ]
[ 2 2 2 2 2 2 2 2 2 2 ] [ 4 2 2 2 2 2 2 2 2 ] [ 11 5 4 ]
[ 2 2 2 2 2 2 2 2 2 2 ] [ 4 2 2 2 2 2 2 2 2 ] [ 11 6 3 ]
[ 2 2 2 2 2 2 2 2 2 2 ] [ 4 2 2 2 2 2 2 2 2 ] [ 11 7 2 ]
[ 2 2 2 2 2 2 2 2 2 2 ] [ 4 2 2 2 2 2 2 2 2 ] [ 11 8 1 ]
[ 2 2 2 2 2 2 2 2 2 2 ] [ 4 2 2 2 2 2 2 2 2 ] [ 12 4 4 ]
[ 2 2 2 2 2 2 2 2 2 2 ] [ 4 2 2 2 2 2 2 2 2 ] [ 12 5 3 ]
[ 2 2 2 2 2 2 2 2 2 2 ] [ 4 2 2 2 2 2 2 2 2 ] [ 12 6 2 ]
[ 2 2 2 2 2 2 2 2 2 2 ] [ 4 2 2 2 2 2 2 2 2 ] [ 12 7 1 ]
[ 2 2 2 2 2 2 2 2 2 2 ] [ 4 2 2 2 2 2 2 2 2 ] [ 13 4 3 ]
[ 2 2 2 2 2 2 2 2 2 2 ] [ 4 2 2 2 2 2 2 2 2 ] [ 13 5 2 ]
[ 2 2 2 2 2 2 2 2 2 2 ] [ 4 2 2 2 2 2 2 2 2 ] [ 13 6 1 ]
[ 2 2 2 2 2 2 2 2 2 2 ] [ 4 2 2 2 2 2 2 2 2 ] [ 14 3 3 ]
[ 2 2 2 2 2 2 2 2 2 2 ] [ 4 2 2 2 2 2 2 2 2 ] [ 14 4 2 ]
[ 2 2 2 2 2 2 2 2 2 2 ] [ 4 2 2 2 2 2 2 2 2 ] [ 14 5 1 ]
[ 2 2 2 2 2 2 2 2 2 2 ] [ 4 2 2 2 2 2 2 2 2 ] [ 15 3 2 ]
[ 2 2 2 2 2 2 2 2 2 2 ] [ 4 2 2 2 2 2 2 2 2 ] [ 15 4 1 ]
[ 2 2 2 2 2 2 2 2 2 2 ] [ 4 2 2 2 2 2 2 2 2 ] [ 16 2 2 ]
[ 2 2 2 2 2 2 2 2 2 2 ] [ 4 2 2 2 2 2 2 2 2 ] [ 16 3 1 ]
[ 2 2 2 2 2 2 2 2 2 2 ] [ 4 2 2 2 2 2 2 2 2 ] [ 17 2 1 ]
[ 2 2 2 2 2 2 2 2 2 2 ] [ 4 4 2 2 2 2 2 2 ] [ 6 6 5 3 ]
[ 2 2 2 2 2 2 2 2 2 2 ] [ 4 4 2 2 2 2 2 2 ] [ 6 6 6 2 ]
[ 2 2 2 2 2 2 2 2 2 2 ] [ 4 4 2 2 2 2 2 2 ] [ 7 5 4 4 ]
[ 2 2 2 2 2 2 2 2 2 2 ] [ 4 4 2 2 2 2 2 2 ] [ 7 6 5 2 ]
[ 2 2 2 2 2 2 2 2 2 2 ] [ 4 4 2 2 2 2 2 2 ] [ 7 6 6 1 ]
[ 2 2 2 2 2 2 2 2 2 2 ] [ 4 4 2 2 2 2 2 2 ] [ 7 7 4 2 ]
[ 2 2 2 2 2 2 2 2 2 2 ] [ 4 4 2 2 2 2 2 2 ] [ 7 7 5 1 ]
[ 2 2 2 2 2 2 2 2 2 2 ] [ 4 4 2 2 2 2 2 2 ] [ 8 4 4 4 ]
[ 2 2 2 2 2 2 2 2 2 2 ] [ 4 4 2 2 2 2 2 2 ] [ 8 5 4 3 ]
[ 2 2 2 2 2 2 2 2 2 2 ] [ 4 4 2 2 2 2 2 2 ] [ 8 6 3 3 ]
[ 2 2 2 2 2 2 2 2 2 2 ] [ 4 4 2 2 2 2 2 2 ] [ 8 6 5 1 ]
[ 2 2 2 2 2 2 2 2 2 2 ] [ 4 4 2 2 2 2 2 2 ] [ 8 7 4 1 ]
[ 2 2 2 2 2 2 2 2 2 2 ] [ 4 4 2 2 2 2 2 2 ] [ 8 8 3 1 ]
[ 2 2 2 2 2 2 2 2 2 2 ] [ 4 4 2 2 2 2 2 2 ] [ 9 4 4 3 ]
[ 2 2 2 2 2 2 2 2 2 2 ] [ 4 4 2 2 2 2 2 2 ] [ 9 5 3 3 ]
[ 2 2 2 2 2 2 2 2 2 2 ] [ 4 4 2 2 2 2 2 2 ] [ 9 5 4 2 ]
[ 2 2 2 2 2 2 2 2 2 2 ] [ 4 4 2 2 2 2 2 2 ] [ 9 6 3 2 ]
[ 2 2 2 2 2 2 2 2 2 2 ] [ 4 4 2 2 2 2 2 2 ] [ 9 7 2 2 ]
[ 2 2 2 2 2 2 2 2 2 2 ] [ 4 4 2 2 2 2 2 2 ] [ 11 3 3 3 ]
[ 2 2 2 2 2 2 2 2 2 2 ] [ 4 4 2 2 2 2 2 2 ] [ 11 4 3 2 ]
[ 2 2 2 2 2 2 2 2 2 2 ] [ 4 4 2 2 2 2 2 2 ] [ 11 4 4 1 ]
[ 2 2 2 2 2 2 2 2 2 2 ] [ 4 4 2 2 2 2 2 2 ] [ 11 5 2 2 ]
[ 2 2 2 2 2 2 2 2 2 2 ] [ 4 4 2 2 2 2 2 2 ] [ 11 5 3 1 ]
[ 2 2 2 2 2 2 2 2 2 2 ] [ 4 4 2 2 2 2 2 2 ] [ 11 6 2 1 ]
[ 2 2 2 2 2 2 2 2 2 2 ] [ 4 4 2 2 2 2 2 2 ] [ 11 7 1 1 ]
[ 2 2 2 2 2 2 2 2 2 2 ] [ 4 4 2 2 2 2 2 2 ] [ 12 3 3 2 ]
[ 2 2 2 2 2 2 2 2 2 2 ] [ 4 4 2 2 2 2 2 2 ] [ 12 4 2 2 ]
[ 2 2 2 2 2 2 2 2 2 2 ] [ 4 4 2 2 2 2 2 2 ] [ 12 4 3 1 ]
[ 2 2 2 2 2 2 2 2 2 2 ] [ 4 4 2 2 2 2 2 2 ] [ 12 5 2 1 ]
[ 2 2 2 2 2 2 2 2 2 2 ] [ 4 4 2 2 2 2 2 2 ] [ 12 6 1 1 ]
[ 2 2 2 2 2 2 2 2 2 2 ] [ 4 4 2 2 2 2 2 2 ] [ 13 3 2 2 ]
[ 2 2 2 2 2 2 2 2 2 2 ] [ 4 4 2 2 2 2 2 2 ] [ 13 3 3 1 ]
[ 2 2 2 2 2 2 2 2 2 2 ] [ 4 4 2 2 2 2 2 2 ] [ 13 4 2 1 ]
[ 2 2 2 2 2 2 2 2 2 2 ] [ 4 4 2 2 2 2 2 2 ] [ 13 5 1 1 ]
[ 2 2 2 2 2 2 2 2 2 2 ] [ 4 4 2 2 2 2 2 2 ] [ 14 2 2 2 ]
[ 2 2 2 2 2 2 2 2 2 2 ] [ 4 4 2 2 2 2 2 2 ] [ 14 3 2 1 ]
[ 2 2 2 2 2 2 2 2 2 2 ] [ 4 4 2 2 2 2 2 2 ] [ 14 4 1 1 ]
[ 2 2 2 2 2 2 2 2 2 2 ] [ 4 4 2 2 2 2 2 2 ] [ 15 2 2 1 ]
[ 2 2 2 2 2 2 2 2 2 2 ] [ 4 4 2 2 2 2 2 2 ] [ 15 3 1 1 ]
[ 2 2 2 2 2 2 2 2 2 2 ] [ 4 4 2 2 2 2 2 2 ] [ 16 2 1 1 ]
[ 2 2 2 2 2 2 2 2 2 2 ] [ 4 4 4 2 2 2 2 ] [ 4 4 4 4 4 ]
[ 2 2 2 2 2 2 2 2 2 2 ] [ 4 4 4 2 2 2 2 ] [ 5 4 4 4 3 ]
[ 2 2 2 2 2 2 2 2 2 2 ] [ 4 4 4 2 2 2 2 ] [ 6 5 3 3 3 ]
[ 2 2 2 2 2 2 2 2 2 2 ] [ 4 4 4 2 2 2 2 ] [ 6 6 3 3 2 ]
[ 2 2 2 2 2 2 2 2 2 2 ] [ 4 4 4 2 2 2 2 ] [ 6 6 5 2 1 ]
[ 2 2 2 2 2 2 2 2 2 2 ] [ 4 4 4 2 2 2 2 ] [ 6 6 6 1 1 ]
[ 2 2 2 2 2 2 2 2 2 2 ] [ 4 4 4 2 2 2 2 ] [ 7 4 4 4 1 ]
[ 2 2 2 2 2 2 2 2 2 2 ] [ 4 4 4 2 2 2 2 ] [ 7 5 4 2 2 ]
[ 2 2 2 2 2 2 2 2 2 2 ] [ 4 4 4 2 2 2 2 ] [ 7 6 5 1 1 ]
[ 2 2 2 2 2 2 2 2 2 2 ] [ 4 4 4 2 2 2 2 ] [ 7 7 2 2 2 ]
[ 2 2 2 2 2 2 2 2 2 2 ] [ 4 4 4 2 2 2 2 ] [ 7 7 4 1 1 ]
[ 2 2 2 2 2 2 2 2 2 2 ] [ 4 4 4 2 2 2 2 ] [ 8 3 3 3 3 ]
[ 2 2 2 2 2 2 2 2 2 2 ] [ 4 4 4 2 2 2 2 ] [ 8 4 4 3 1 ]
[ 2 2 2 2 2 2 2 2 2 2 ] [ 4 4 4 2 2 2 2 ] [ 8 5 3 3 1 ]
[ 2 2 2 2 2 2 2 2 2 2 ] [ 4 4 4 2 2 2 2 ] [ 9 3 3 3 2 ]
[ 2 2 2 2 2 2 2 2 2 2 ] [ 4 4 4 2 2 2 2 ] [ 9 4 3 2 2 ]
[ 2 2 2 2 2 2 2 2 2 2 ] [ 4 4 4 2 2 2 2 ] [ 9 5 2 2 2 ]
[ 2 2 2 2 2 2 2 2 2 2 ] [ 4 4 4 2 2 2 2 ] [ 11 3 2 2 2 ]
[ 2 2 2 2 2 2 2 2 2 2 ] [ 4 4 4 2 2 2 2 ] [ 11 3 3 2 1 ]
[ 2 2 2 2 2 2 2 2 2 2 ] [ 4 4 4 2 2 2 2 ] [ 11 4 2 2 1 ]
[ 2 2 2 2 2 2 2 2 2 2 ] [ 4 4 4 2 2 2 2 ] [ 11 4 3 1 1 ]
[ 2 2 2 2 2 2 2 2 2 2 ] [ 4 4 4 2 2 2 2 ] [ 11 5 2 1 1 ]
[ 2 2 2 2 2 2 2 2 2 2 ] [ 4 4 4 2 2 2 2 ] [ 11 6 1 1 1 ]
[ 2 2 2 2 2 2 2 2 2 2 ] [ 4 4 4 2 2 2 2 ] [ 12 2 2 2 2 ]
[ 2 2 2 2 2 2 2 2 2 2 ] [ 4 4 4 2 2 2 2 ] [ 12 3 2 2 1 ]
[ 2 2 2 2 2 2 2 2 2 2 ] [ 4 4 4 2 2 2 2 ] [ 12 3 3 1 1 ]
[ 2 2 2 2 2 2 2 2 2 2 ] [ 4 4 4 2 2 2 2 ] [ 12 4 2 1 1 ]
[ 2 2 2 2 2 2 2 2 2 2 ] [ 4 4 4 2 2 2 2 ] [ 12 5 1 1 1 ]
[ 2 2 2 2 2 2 2 2 2 2 ] [ 4 4 4 2 2 2 2 ] [ 13 2 2 2 1 ]
[ 2 2 2 2 2 2 2 2 2 2 ] [ 4 4 4 2 2 2 2 ] [ 13 3 2 1 1 ]
[ 2 2 2 2 2 2 2 2 2 2 ] [ 4 4 4 2 2 2 2 ] [ 13 4 1 1 1 ]
[ 2 2 2 2 2 2 2 2 2 2 ] [ 4 4 4 2 2 2 2 ] [ 14 2 2 1 1 ]
[ 2 2 2 2 2 2 2 2 2 2 ] [ 4 4 4 2 2 2 2 ] [ 14 3 1 1 1 ]
[ 2 2 2 2 2 2 2 2 2 2 ] [ 4 4 4 2 2 2 2 ] [ 15 2 1 1 1 ]
[ 2 2 2 2 2 2 2 2 2 2 ] [ 4 4 4 4 2 2 ] [ 4 4 4 4 3 1 ]
[ 2 2 2 2 2 2 2 2 2 2 ] [ 4 4 4 4 2 2 ] [ 5 3 3 3 3 3 ]
[ 2 2 2 2 2 2 2 2 2 2 ] [ 4 4 4 4 2 2 ] [ 6 3 3 3 3 2 ]
[ 2 2 2 2 2 2 2 2 2 2 ] [ 4 4 4 4 2 2 ] [ 6 6 5 1 1 1 ]
[ 2 2 2 2 2 2 2 2 2 2 ] [ 4 4 4 4 2 2 ] [ 7 5 2 2 2 2 ]
[ 2 2 2 2 2 2 2 2 2 2 ] [ 4 4 4 4 2 2 ] [ 9 3 2 2 2 2 ]
[ 2 2 2 2 2 2 2 2 2 2 ] [ 4 4 4 4 2 2 ] [ 11 2 2 2 2 1 ]
[ 2 2 2 2 2 2 2 2 2 2 ] [ 4 4 4 4 2 2 ] [ 11 3 2 2 1 1 ]
[ 2 2 2 2 2 2 2 2 2 2 ] [ 4 4 4 4 2 2 ] [ 11 3 3 1 1 1 ]
[ 2 2 2 2 2 2 2 2 2 2 ] [ 4 4 4 4 2 2 ] [ 11 4 2 1 1 1 ]
[ 2 2 2 2 2 2 2 2 2 2 ] [ 4 4 4 4 2 2 ] [ 11 5 1 1 1 1 ]
[ 2 2 2 2 2 2 2 2 2 2 ] [ 4 4 4 4 2 2 ] [ 12 2 2 2 1 1 ]
[ 2 2 2 2 2 2 2 2 2 2 ] [ 4 4 4 4 2 2 ] [ 12 3 2 1 1 1 ]
[ 2 2 2 2 2 2 2 2 2 2 ] [ 4 4 4 4 2 2 ] [ 12 4 1 1 1 1 ]
[ 2 2 2 2 2 2 2 2 2 2 ] [ 4 4 4 4 2 2 ] [ 13 2 2 1 1 1 ]
[ 2 2 2 2 2 2 2 2 2 2 ] [ 4 4 4 4 2 2 ] [ 13 3 1 1 1 1 ]
[ 2 2 2 2 2 2 2 2 2 2 ] [ 4 4 4 4 2 2 ] [ 14 2 1 1 1 1 ]
[ 2 2 2 2 2 2 2 2 2 2 ] [ 4 4 4 4 3 1 ] [ 6 4 4 2 2 2 ]
[ 2 2 2 2 2 2 2 2 2 2 ] [ 4 4 4 4 3 1 ] [ 6 6 2 2 2 2 ]
[ 2 2 2 2 2 2 2 2 2 2 ] [ 4 4 4 4 3 1 ] [ 8 4 2 2 2 2 ]
[ 2 2 2 2 2 2 2 2 2 2 ] [ 4 4 4 4 3 1 ] [ 10 2 2 2 2 2 ]
[ 2 2 2 2 2 2 2 2 2 2 ] [ 4 4 4 4 4 ] [ 6 4 2 2 2 2 2 ]
[ 2 2 2 2 2 2 2 2 2 2 ] [ 4 4 4 4 4 ] [ 8 2 2 2 2 2 2 ]
[ 2 2 2 2 2 2 2 2 2 2 ] [ 4 4 4 4 4 ] [ 11 2 2 2 1 1 1 ]
[ 2 2 2 2 2 2 2 2 2 2 ] [ 4 4 4 4 4 ] [ 11 3 2 1 1 1 1 ]
[ 2 2 2 2 2 2 2 2 2 2 ] [ 4 4 4 4 4 ] [ 11 4 1 1 1 1 1 ]
[ 2 2 2 2 2 2 2 2 2 2 ] [ 4 4 4 4 4 ] [ 12 2 2 1 1 1 1 ]
[ 2 2 2 2 2 2 2 2 2 2 ] [ 4 4 4 4 4 ] [ 12 3 1 1 1 1 1 ]
[ 2 2 2 2 2 2 2 2 2 2 ] [ 4 4 4 4 4 ] [ 13 2 1 1 1 1 1 ]
[ 2 2 2 2 2 2 2 2 2 2 ] [ 5 3 3 3 3 3 ] [ 6 4 4 2 2 2 ]
[ 2 2 2 2 2 2 2 2 2 2 ] [ 5 3 3 3 3 3 ] [ 6 6 2 2 2 2 ]
[ 2 2 2 2 2 2 2 2 2 2 ] [ 5 3 3 3 3 3 ] [ 8 4 2 2 2 2 ]
[ 2 2 2 2 2 2 2 2 2 2 ] [ 5 3 3 3 3 3 ] [ 10 2 2 2 2 2 ]
[ 2 2 2 2 2 2 2 2 2 2 ] [ 5 4 4 4 3 ] [ 6 4 2 2 2 2 2 ]
[ 2 2 2 2 2 2 2 2 2 2 ] [ 5 4 4 4 3 ] [ 8 2 2 2 2 2 2 ]
[ 2 2 2 2 2 2 2 2 2 2 ] [ 6 2 2 2 2 2 2 2 ] [ 6 6 5 3 ]
[ 2 2 2 2 2 2 2 2 2 2 ] [ 6 2 2 2 2 2 2 2 ] [ 6 6 6 2 ]
[ 2 2 2 2 2 2 2 2 2 2 ] [ 6 2 2 2 2 2 2 2 ] [ 7 5 4 4 ]
[ 2 2 2 2 2 2 2 2 2 2 ] [ 6 2 2 2 2 2 2 2 ] [ 7 6 5 2 ]
[ 2 2 2 2 2 2 2 2 2 2 ] [ 6 2 2 2 2 2 2 2 ] [ 7 6 6 1 ]
[ 2 2 2 2 2 2 2 2 2 2 ] [ 6 2 2 2 2 2 2 2 ] [ 7 7 4 2 ]
[ 2 2 2 2 2 2 2 2 2 2 ] [ 6 2 2 2 2 2 2 2 ] [ 7 7 5 1 ]
[ 2 2 2 2 2 2 2 2 2 2 ] [ 6 2 2 2 2 2 2 2 ] [ 8 4 4 4 ]
[ 2 2 2 2 2 2 2 2 2 2 ] [ 6 2 2 2 2 2 2 2 ] [ 8 5 4 3 ]
[ 2 2 2 2 2 2 2 2 2 2 ] [ 6 2 2 2 2 2 2 2 ] [ 8 6 3 3 ]
[ 2 2 2 2 2 2 2 2 2 2 ] [ 6 2 2 2 2 2 2 2 ] [ 8 6 5 1 ]
[ 2 2 2 2 2 2 2 2 2 2 ] [ 6 2 2 2 2 2 2 2 ] [ 8 7 4 1 ]
[ 2 2 2 2 2 2 2 2 2 2 ] [ 6 2 2 2 2 2 2 2 ] [ 8 8 3 1 ]
[ 2 2 2 2 2 2 2 2 2 2 ] [ 6 2 2 2 2 2 2 2 ] [ 9 4 4 3 ]
[ 2 2 2 2 2 2 2 2 2 2 ] [ 6 2 2 2 2 2 2 2 ] [ 9 5 3 3 ]
[ 2 2 2 2 2 2 2 2 2 2 ] [ 6 2 2 2 2 2 2 2 ] [ 9 5 4 2 ]
[ 2 2 2 2 2 2 2 2 2 2 ] [ 6 2 2 2 2 2 2 2 ] [ 9 6 3 2 ]
[ 2 2 2 2 2 2 2 2 2 2 ] [ 6 2 2 2 2 2 2 2 ] [ 9 7 2 2 ]
[ 2 2 2 2 2 2 2 2 2 2 ] [ 6 2 2 2 2 2 2 2 ] [ 11 3 3 3 ]
[ 2 2 2 2 2 2 2 2 2 2 ] [ 6 2 2 2 2 2 2 2 ] [ 11 4 3 2 ]
[ 2 2 2 2 2 2 2 2 2 2 ] [ 6 2 2 2 2 2 2 2 ] [ 11 4 4 1 ]
[ 2 2 2 2 2 2 2 2 2 2 ] [ 6 2 2 2 2 2 2 2 ] [ 11 5 2 2 ]
[ 2 2 2 2 2 2 2 2 2 2 ] [ 6 2 2 2 2 2 2 2 ] [ 11 5 3 1 ]
[ 2 2 2 2 2 2 2 2 2 2 ] [ 6 2 2 2 2 2 2 2 ] [ 11 6 2 1 ]
[ 2 2 2 2 2 2 2 2 2 2 ] [ 6 2 2 2 2 2 2 2 ] [ 11 7 1 1 ]
[ 2 2 2 2 2 2 2 2 2 2 ] [ 6 2 2 2 2 2 2 2 ] [ 12 3 3 2 ]
[ 2 2 2 2 2 2 2 2 2 2 ] [ 6 2 2 2 2 2 2 2 ] [ 12 4 2 2 ]
[ 2 2 2 2 2 2 2 2 2 2 ] [ 6 2 2 2 2 2 2 2 ] [ 12 4 3 1 ]
[ 2 2 2 2 2 2 2 2 2 2 ] [ 6 2 2 2 2 2 2 2 ] [ 12 5 2 1 ]
[ 2 2 2 2 2 2 2 2 2 2 ] [ 6 2 2 2 2 2 2 2 ] [ 12 6 1 1 ]
[ 2 2 2 2 2 2 2 2 2 2 ] [ 6 2 2 2 2 2 2 2 ] [ 13 3 2 2 ]
[ 2 2 2 2 2 2 2 2 2 2 ] [ 6 2 2 2 2 2 2 2 ] [ 13 3 3 1 ]
[ 2 2 2 2 2 2 2 2 2 2 ] [ 6 2 2 2 2 2 2 2 ] [ 13 4 2 1 ]
[ 2 2 2 2 2 2 2 2 2 2 ] [ 6 2 2 2 2 2 2 2 ] [ 13 5 1 1 ]
[ 2 2 2 2 2 2 2 2 2 2 ] [ 6 2 2 2 2 2 2 2 ] [ 14 2 2 2 ]
[ 2 2 2 2 2 2 2 2 2 2 ] [ 6 2 2 2 2 2 2 2 ] [ 14 3 2 1 ]
[ 2 2 2 2 2 2 2 2 2 2 ] [ 6 2 2 2 2 2 2 2 ] [ 14 4 1 1 ]
[ 2 2 2 2 2 2 2 2 2 2 ] [ 6 2 2 2 2 2 2 2 ] [ 15 2 2 1 ]
[ 2 2 2 2 2 2 2 2 2 2 ] [ 6 2 2 2 2 2 2 2 ] [ 15 3 1 1 ]
[ 2 2 2 2 2 2 2 2 2 2 ] [ 6 2 2 2 2 2 2 2 ] [ 16 2 1 1 ]
[ 2 2 2 2 2 2 2 2 2 2 ] [ 6 3 3 3 3 2 ] [ 6 4 4 2 2 2 ]
[ 2 2 2 2 2 2 2 2 2 2 ] [ 6 3 3 3 3 2 ] [ 6 6 2 2 2 2 ]
[ 2 2 2 2 2 2 2 2 2 2 ] [ 6 3 3 3 3 2 ] [ 8 4 2 2 2 2 ]
[ 2 2 2 2 2 2 2 2 2 2 ] [ 6 3 3 3 3 2 ] [ 10 2 2 2 2 2 ]
[ 2 2 2 2 2 2 2 2 2 2 ] [ 6 4 2 2 2 2 2 ] [ 6 5 3 3 3 ]
[ 2 2 2 2 2 2 2 2 2 2 ] [ 6 4 2 2 2 2 2 ] [ 6 6 3 3 2 ]
[ 2 2 2 2 2 2 2 2 2 2 ] [ 6 4 2 2 2 2 2 ] [ 6 6 5 2 1 ]
[ 2 2 2 2 2 2 2 2 2 2 ] [ 6 4 2 2 2 2 2 ] [ 6 6 6 1 1 ]
[ 2 2 2 2 2 2 2 2 2 2 ] [ 6 4 2 2 2 2 2 ] [ 7 4 4 4 1 ]
[ 2 2 2 2 2 2 2 2 2 2 ] [ 6 4 2 2 2 2 2 ] [ 7 5 4 2 2 ]
[ 2 2 2 2 2 2 2 2 2 2 ] [ 6 4 2 2 2 2 2 ] [ 7 6 5 1 1 ]
[ 2 2 2 2 2 2 2 2 2 2 ] [ 6 4 2 2 2 2 2 ] [ 7 7 2 2 2 ]
[ 2 2 2 2 2 2 2 2 2 2 ] [ 6 4 2 2 2 2 2 ] [ 7 7 4 1 1 ]
[ 2 2 2 2 2 2 2 2 2 2 ] [ 6 4 2 2 2 2 2 ] [ 8 3 3 3 3 ]
[ 2 2 2 2 2 2 2 2 2 2 ] [ 6 4 2 2 2 2 2 ] [ 8 4 4 3 1 ]
[ 2 2 2 2 2 2 2 2 2 2 ] [ 6 4 2 2 2 2 2 ] [ 8 5 3 3 1 ]
[ 2 2 2 2 2 2 2 2 2 2 ] [ 6 4 2 2 2 2 2 ] [ 9 3 3 3 2 ]
[ 2 2 2 2 2 2 2 2 2 2 ] [ 6 4 2 2 2 2 2 ] [ 9 4 3 2 2 ]
[ 2 2 2 2 2 2 2 2 2 2 ] [ 6 4 2 2 2 2 2 ] [ 9 5 2 2 2 ]
[ 2 2 2 2 2 2 2 2 2 2 ] [ 6 4 2 2 2 2 2 ] [ 11 3 2 2 2 ]
[ 2 2 2 2 2 2 2 2 2 2 ] [ 6 4 2 2 2 2 2 ] [ 11 3 3 2 1 ]
[ 2 2 2 2 2 2 2 2 2 2 ] [ 6 4 2 2 2 2 2 ] [ 11 4 2 2 1 ]
[ 2 2 2 2 2 2 2 2 2 2 ] [ 6 4 2 2 2 2 2 ] [ 11 4 3 1 1 ]
[ 2 2 2 2 2 2 2 2 2 2 ] [ 6 4 2 2 2 2 2 ] [ 11 5 2 1 1 ]
[ 2 2 2 2 2 2 2 2 2 2 ] [ 6 4 2 2 2 2 2 ] [ 11 6 1 1 1 ]
[ 2 2 2 2 2 2 2 2 2 2 ] [ 6 4 2 2 2 2 2 ] [ 12 2 2 2 2 ]
[ 2 2 2 2 2 2 2 2 2 2 ] [ 6 4 2 2 2 2 2 ] [ 12 3 2 2 1 ]
[ 2 2 2 2 2 2 2 2 2 2 ] [ 6 4 2 2 2 2 2 ] [ 12 3 3 1 1 ]
[ 2 2 2 2 2 2 2 2 2 2 ] [ 6 4 2 2 2 2 2 ] [ 12 4 2 1 1 ]
[ 2 2 2 2 2 2 2 2 2 2 ] [ 6 4 2 2 2 2 2 ] [ 12 5 1 1 1 ]
[ 2 2 2 2 2 2 2 2 2 2 ] [ 6 4 2 2 2 2 2 ] [ 13 2 2 2 1 ]
[ 2 2 2 2 2 2 2 2 2 2 ] [ 6 4 2 2 2 2 2 ] [ 13 3 2 1 1 ]
[ 2 2 2 2 2 2 2 2 2 2 ] [ 6 4 2 2 2 2 2 ] [ 13 4 1 1 1 ]
[ 2 2 2 2 2 2 2 2 2 2 ] [ 6 4 2 2 2 2 2 ] [ 14 2 2 1 1 ]
[ 2 2 2 2 2 2 2 2 2 2 ] [ 6 4 2 2 2 2 2 ] [ 14 3 1 1 1 ]
[ 2 2 2 2 2 2 2 2 2 2 ] [ 6 4 2 2 2 2 2 ] [ 15 2 1 1 1 ]
[ 2 2 2 2 2 2 2 2 2 2 ] [ 6 4 4 2 2 2 ] [ 6 6 5 1 1 1 ]
[ 2 2 2 2 2 2 2 2 2 2 ] [ 6 4 4 2 2 2 ] [ 7 5 2 2 2 2 ]
[ 2 2 2 2 2 2 2 2 2 2 ] [ 6 4 4 2 2 2 ] [ 9 3 2 2 2 2 ]
[ 2 2 2 2 2 2 2 2 2 2 ] [ 6 4 4 2 2 2 ] [ 11 2 2 2 2 1 ]
[ 2 2 2 2 2 2 2 2 2 2 ] [ 6 4 4 2 2 2 ] [ 11 3 2 2 1 1 ]
[ 2 2 2 2 2 2 2 2 2 2 ] [ 6 4 4 2 2 2 ] [ 11 3 3 1 1 1 ]
[ 2 2 2 2 2 2 2 2 2 2 ] [ 6 4 4 2 2 2 ] [ 11 4 2 1 1 1 ]
[ 2 2 2 2 2 2 2 2 2 2 ] [ 6 4 4 2 2 2 ] [ 11 5 1 1 1 1 ]
[ 2 2 2 2 2 2 2 2 2 2 ] [ 6 4 4 2 2 2 ] [ 12 2 2 2 1 1 ]
[ 2 2 2 2 2 2 2 2 2 2 ] [ 6 4 4 2 2 2 ] [ 12 3 2 1 1 1 ]
[ 2 2 2 2 2 2 2 2 2 2 ] [ 6 4 4 2 2 2 ] [ 12 4 1 1 1 1 ]
[ 2 2 2 2 2 2 2 2 2 2 ] [ 6 4 4 2 2 2 ] [ 13 2 2 1 1 1 ]
[ 2 2 2 2 2 2 2 2 2 2 ] [ 6 4 4 2 2 2 ] [ 13 3 1 1 1 1 ]
[ 2 2 2 2 2 2 2 2 2 2 ] [ 6 4 4 2 2 2 ] [ 14 2 1 1 1 1 ]
[ 2 2 2 2 2 2 2 2 2 2 ] [ 6 4 4 4 2 ] [ 11 2 2 2 1 1 1 ]
[ 2 2 2 2 2 2 2 2 2 2 ] [ 6 4 4 4 2 ] [ 11 3 2 1 1 1 1 ]
[ 2 2 2 2 2 2 2 2 2 2 ] [ 6 4 4 4 2 ] [ 11 4 1 1 1 1 1 ]
[ 2 2 2 2 2 2 2 2 2 2 ] [ 6 4 4 4 2 ] [ 12 2 2 1 1 1 1 ]
[ 2 2 2 2 2 2 2 2 2 2 ] [ 6 4 4 4 2 ] [ 12 3 1 1 1 1 1 ]
[ 2 2 2 2 2 2 2 2 2 2 ] [ 6 4 4 4 2 ] [ 13 2 1 1 1 1 1 ]
[ 2 2 2 2 2 2 2 2 2 2 ] [ 6 5 3 3 3 ] [ 8 2 2 2 2 2 2 ]
[ 2 2 2 2 2 2 2 2 2 2 ] [ 6 6 2 2 2 2 ] [ 6 6 5 1 1 1 ]
[ 2 2 2 2 2 2 2 2 2 2 ] [ 6 6 2 2 2 2 ] [ 7 5 2 2 2 2 ]
[ 2 2 2 2 2 2 2 2 2 2 ] [ 6 6 2 2 2 2 ] [ 9 3 2 2 2 2 ]
[ 2 2 2 2 2 2 2 2 2 2 ] [ 6 6 2 2 2 2 ] [ 11 2 2 2 2 1 ]
[ 2 2 2 2 2 2 2 2 2 2 ] [ 6 6 2 2 2 2 ] [ 11 3 2 2 1 1 ]
[ 2 2 2 2 2 2 2 2 2 2 ] [ 6 6 2 2 2 2 ] [ 11 3 3 1 1 1 ]
[ 2 2 2 2 2 2 2 2 2 2 ] [ 6 6 2 2 2 2 ] [ 11 4 2 1 1 1 ]
[ 2 2 2 2 2 2 2 2 2 2 ] [ 6 6 2 2 2 2 ] [ 11 5 1 1 1 1 ]
[ 2 2 2 2 2 2 2 2 2 2 ] [ 6 6 2 2 2 2 ] [ 12 2 2 2 1 1 ]
[ 2 2 2 2 2 2 2 2 2 2 ] [ 6 6 2 2 2 2 ] [ 12 3 2 1 1 1 ]
[ 2 2 2 2 2 2 2 2 2 2 ] [ 6 6 2 2 2 2 ] [ 12 4 1 1 1 1 ]
[ 2 2 2 2 2 2 2 2 2 2 ] [ 6 6 2 2 2 2 ] [ 13 2 2 1 1 1 ]
[ 2 2 2 2 2 2 2 2 2 2 ] [ 6 6 2 2 2 2 ] [ 13 3 1 1 1 1 ]
[ 2 2 2 2 2 2 2 2 2 2 ] [ 6 6 2 2 2 2 ] [ 14 2 1 1 1 1 ]
[ 2 2 2 2 2 2 2 2 2 2 ] [ 6 6 3 3 2 ] [ 8 2 2 2 2 2 2 ]
[ 2 2 2 2 2 2 2 2 2 2 ] [ 6 6 4 2 2 ] [ 11 2 2 2 1 1 1 ]
[ 2 2 2 2 2 2 2 2 2 2 ] [ 6 6 4 2 2 ] [ 11 3 2 1 1 1 1 ]
[ 2 2 2 2 2 2 2 2 2 2 ] [ 6 6 4 2 2 ] [ 11 4 1 1 1 1 1 ]
[ 2 2 2 2 2 2 2 2 2 2 ] [ 6 6 4 2 2 ] [ 12 2 2 1 1 1 1 ]
[ 2 2 2 2 2 2 2 2 2 2 ] [ 6 6 4 2 2 ] [ 12 3 1 1 1 1 1 ]
[ 2 2 2 2 2 2 2 2 2 2 ] [ 6 6 4 2 2 ] [ 13 2 1 1 1 1 1 ]
[ 2 2 2 2 2 2 2 2 2 2 ] [ 6 6 4 4 ] [ 11 2 2 1 1 1 1 1 ]
[ 2 2 2 2 2 2 2 2 2 2 ] [ 6 6 4 4 ] [ 11 3 1 1 1 1 1 1 ]
[ 2 2 2 2 2 2 2 2 2 2 ] [ 6 6 4 4 ] [ 12 2 1 1 1 1 1 1 ]
[ 2 2 2 2 2 2 2 2 2 2 ] [ 6 6 5 1 1 1 ] [ 8 4 2 2 2 2 ]
[ 2 2 2 2 2 2 2 2 2 2 ] [ 6 6 5 1 1 1 ] [ 10 2 2 2 2 2 ]
[ 2 2 2 2 2 2 2 2 2 2 ] [ 6 6 5 2 1 ] [ 8 2 2 2 2 2 2 ]
[ 2 2 2 2 2 2 2 2 2 2 ] [ 6 6 6 1 1 ] [ 8 2 2 2 2 2 2 ]
[ 2 2 2 2 2 2 2 2 2 2 ] [ 6 6 6 2 ] [ 11 2 2 1 1 1 1 1 ]
[ 2 2 2 2 2 2 2 2 2 2 ] [ 6 6 6 2 ] [ 11 3 1 1 1 1 1 1 ]
[ 2 2 2 2 2 2 2 2 2 2 ] [ 6 6 6 2 ] [ 12 2 1 1 1 1 1 1 ]
[ 2 2 2 2 2 2 2 2 2 2 ] [ 7 4 4 4 1 ] [ 8 2 2 2 2 2 2 ]
[ 2 2 2 2 2 2 2 2 2 2 ] [ 7 5 2 2 2 2 ] [ 8 4 2 2 2 2 ]
[ 2 2 2 2 2 2 2 2 2 2 ] [ 7 5 2 2 2 2 ] [ 10 2 2 2 2 2 ]
[ 2 2 2 2 2 2 2 2 2 2 ] [ 7 5 4 2 2 ] [ 8 2 2 2 2 2 2 ]
[ 2 2 2 2 2 2 2 2 2 2 ] [ 7 6 5 1 1 ] [ 8 2 2 2 2 2 2 ]
[ 2 2 2 2 2 2 2 2 2 2 ] [ 7 7 2 2 2 ] [ 8 2 2 2 2 2 2 ]
[ 2 2 2 2 2 2 2 2 2 2 ] [ 7 7 4 1 1 ] [ 8 2 2 2 2 2 2 ]
[ 2 2 2 2 2 2 2 2 2 2 ] [ 8 2 2 2 2 2 2 ] [ 8 3 3 3 3 ]
[ 2 2 2 2 2 2 2 2 2 2 ] [ 8 2 2 2 2 2 2 ] [ 8 4 4 3 1 ]
[ 2 2 2 2 2 2 2 2 2 2 ] [ 8 2 2 2 2 2 2 ] [ 8 5 3 3 1 ]
[ 2 2 2 2 2 2 2 2 2 2 ] [ 8 2 2 2 2 2 2 ] [ 9 3 3 3 2 ]
[ 2 2 2 2 2 2 2 2 2 2 ] [ 8 2 2 2 2 2 2 ] [ 9 4 3 2 2 ]
[ 2 2 2 2 2 2 2 2 2 2 ] [ 8 2 2 2 2 2 2 ] [ 9 5 2 2 2 ]
[ 2 2 2 2 2 2 2 2 2 2 ] [ 8 2 2 2 2 2 2 ] [ 11 3 2 2 2 ]
[ 2 2 2 2 2 2 2 2 2 2 ] [ 8 2 2 2 2 2 2 ] [ 11 3 3 2 1 ]
[ 2 2 2 2 2 2 2 2 2 2 ] [ 8 2 2 2 2 2 2 ] [ 11 4 2 2 1 ]
[ 2 2 2 2 2 2 2 2 2 2 ] [ 8 2 2 2 2 2 2 ] [ 11 4 3 1 1 ]
[ 2 2 2 2 2 2 2 2 2 2 ] [ 8 2 2 2 2 2 2 ] [ 11 5 2 1 1 ]
[ 2 2 2 2 2 2 2 2 2 2 ] [ 8 2 2 2 2 2 2 ] [ 11 6 1 1 1 ]
[ 2 2 2 2 2 2 2 2 2 2 ] [ 8 2 2 2 2 2 2 ] [ 12 2 2 2 2 ]
[ 2 2 2 2 2 2 2 2 2 2 ] [ 8 2 2 2 2 2 2 ] [ 12 3 2 2 1 ]
[ 2 2 2 2 2 2 2 2 2 2 ] [ 8 2 2 2 2 2 2 ] [ 12 3 3 1 1 ]
[ 2 2 2 2 2 2 2 2 2 2 ] [ 8 2 2 2 2 2 2 ] [ 12 4 2 1 1 ]
[ 2 2 2 2 2 2 2 2 2 2 ] [ 8 2 2 2 2 2 2 ] [ 12 5 1 1 1 ]
[ 2 2 2 2 2 2 2 2 2 2 ] [ 8 2 2 2 2 2 2 ] [ 13 2 2 2 1 ]
[ 2 2 2 2 2 2 2 2 2 2 ] [ 8 2 2 2 2 2 2 ] [ 13 3 2 1 1 ]
[ 2 2 2 2 2 2 2 2 2 2 ] [ 8 2 2 2 2 2 2 ] [ 13 4 1 1 1 ]
[ 2 2 2 2 2 2 2 2 2 2 ] [ 8 2 2 2 2 2 2 ] [ 14 2 2 1 1 ]
[ 2 2 2 2 2 2 2 2 2 2 ] [ 8 2 2 2 2 2 2 ] [ 14 3 1 1 1 ]
[ 2 2 2 2 2 2 2 2 2 2 ] [ 8 2 2 2 2 2 2 ] [ 15 2 1 1 1 ]
[ 2 2 2 2 2 2 2 2 2 2 ] [ 8 4 2 2 2 2 ] [ 9 3 2 2 2 2 ]
[ 2 2 2 2 2 2 2 2 2 2 ] [ 8 4 2 2 2 2 ] [ 11 2 2 2 2 1 ]
[ 2 2 2 2 2 2 2 2 2 2 ] [ 8 4 2 2 2 2 ] [ 11 3 2 2 1 1 ]
[ 2 2 2 2 2 2 2 2 2 2 ] [ 8 4 2 2 2 2 ] [ 11 3 3 1 1 1 ]
[ 2 2 2 2 2 2 2 2 2 2 ] [ 8 4 2 2 2 2 ] [ 11 4 2 1 1 1 ]
[ 2 2 2 2 2 2 2 2 2 2 ] [ 8 4 2 2 2 2 ] [ 11 5 1 1 1 1 ]
[ 2 2 2 2 2 2 2 2 2 2 ] [ 8 4 2 2 2 2 ] [ 12 2 2 2 1 1 ]
[ 2 2 2 2 2 2 2 2 2 2 ] [ 8 4 2 2 2 2 ] [ 12 3 2 1 1 1 ]
[ 2 2 2 2 2 2 2 2 2 2 ] [ 8 4 2 2 2 2 ] [ 12 4 1 1 1 1 ]
[ 2 2 2 2 2 2 2 2 2 2 ] [ 8 4 2 2 2 2 ] [ 13 2 2 1 1 1 ]
[ 2 2 2 2 2 2 2 2 2 2 ] [ 8 4 2 2 2 2 ] [ 13 3 1 1 1 1 ]
[ 2 2 2 2 2 2 2 2 2 2 ] [ 8 4 2 2 2 2 ] [ 14 2 1 1 1 1 ]
[ 2 2 2 2 2 2 2 2 2 2 ] [ 8 4 4 2 2 ] [ 11 2 2 2 1 1 1 ]
[ 2 2 2 2 2 2 2 2 2 2 ] [ 8 4 4 2 2 ] [ 11 3 2 1 1 1 1 ]
[ 2 2 2 2 2 2 2 2 2 2 ] [ 8 4 4 2 2 ] [ 11 4 1 1 1 1 1 ]
[ 2 2 2 2 2 2 2 2 2 2 ] [ 8 4 4 2 2 ] [ 12 2 2 1 1 1 1 ]
[ 2 2 2 2 2 2 2 2 2 2 ] [ 8 4 4 2 2 ] [ 12 3 1 1 1 1 1 ]
[ 2 2 2 2 2 2 2 2 2 2 ] [ 8 4 4 2 2 ] [ 13 2 1 1 1 1 1 ]
[ 2 2 2 2 2 2 2 2 2 2 ] [ 8 4 4 4 ] [ 11 2 2 1 1 1 1 1 ]
[ 2 2 2 2 2 2 2 2 2 2 ] [ 8 4 4 4 ] [ 11 3 1 1 1 1 1 1 ]
[ 2 2 2 2 2 2 2 2 2 2 ] [ 8 4 4 4 ] [ 12 2 1 1 1 1 1 1 ]
[ 2 2 2 2 2 2 2 2 2 2 ] [ 8 6 2 2 2 ] [ 11 2 2 2 1 1 1 ]
[ 2 2 2 2 2 2 2 2 2 2 ] [ 8 6 2 2 2 ] [ 11 3 2 1 1 1 1 ]
[ 2 2 2 2 2 2 2 2 2 2 ] [ 8 6 2 2 2 ] [ 11 4 1 1 1 1 1 ]
[ 2 2 2 2 2 2 2 2 2 2 ] [ 8 6 2 2 2 ] [ 12 2 2 1 1 1 1 ]
[ 2 2 2 2 2 2 2 2 2 2 ] [ 8 6 2 2 2 ] [ 12 3 1 1 1 1 1 ]
[ 2 2 2 2 2 2 2 2 2 2 ] [ 8 6 2 2 2 ] [ 13 2 1 1 1 1 1 ]
[ 2 2 2 2 2 2 2 2 2 2 ] [ 8 6 4 2 ] [ 11 2 2 1 1 1 1 1 ]
[ 2 2 2 2 2 2 2 2 2 2 ] [ 8 6 4 2 ] [ 11 3 1 1 1 1 1 1 ]
[ 2 2 2 2 2 2 2 2 2 2 ] [ 8 6 4 2 ] [ 12 2 1 1 1 1 1 1 ]
[ 2 2 2 2 2 2 2 2 2 2 ] [ 8 6 6 ] [ 11 2 1 1 1 1 1 1 1 ]
[ 2 2 2 2 2 2 2 2 2 2 ] [ 8 8 2 2 ] [ 11 2 2 1 1 1 1 1 ]
[ 2 2 2 2 2 2 2 2 2 2 ] [ 8 8 2 2 ] [ 11 3 1 1 1 1 1 1 ]
[ 2 2 2 2 2 2 2 2 2 2 ] [ 8 8 2 2 ] [ 12 2 1 1 1 1 1 1 ]
[ 2 2 2 2 2 2 2 2 2 2 ] [ 8 8 4 ] [ 11 2 1 1 1 1 1 1 1 ]
[ 2 2 2 2 2 2 2 2 2 2 ] [ 9 3 2 2 2 2 ] [ 10 2 2 2 2 2 ]
[ 2 2 2 2 2 2 2 2 2 2 ] [ 10 2 2 2 2 2 ] [ 11 2 2 2 2 1 ]
[ 2 2 2 2 2 2 2 2 2 2 ] [ 10 2 2 2 2 2 ] [ 11 3 2 2 1 1 ]
[ 2 2 2 2 2 2 2 2 2 2 ] [ 10 2 2 2 2 2 ] [ 11 3 3 1 1 1 ]
[ 2 2 2 2 2 2 2 2 2 2 ] [ 10 2 2 2 2 2 ] [ 11 4 2 1 1 1 ]
[ 2 2 2 2 2 2 2 2 2 2 ] [ 10 2 2 2 2 2 ] [ 11 5 1 1 1 1 ]
[ 2 2 2 2 2 2 2 2 2 2 ] [ 10 2 2 2 2 2 ] [ 12 2 2 2 1 1 ]
[ 2 2 2 2 2 2 2 2 2 2 ] [ 10 2 2 2 2 2 ] [ 12 3 2 1 1 1 ]
[ 2 2 2 2 2 2 2 2 2 2 ] [ 10 2 2 2 2 2 ] [ 12 4 1 1 1 1 ]
[ 2 2 2 2 2 2 2 2 2 2 ] [ 10 2 2 2 2 2 ] [ 13 2 2 1 1 1 ]
[ 2 2 2 2 2 2 2 2 2 2 ] [ 10 2 2 2 2 2 ] [ 13 3 1 1 1 1 ]
[ 2 2 2 2 2 2 2 2 2 2 ] [ 10 2 2 2 2 2 ] [ 14 2 1 1 1 1 ]
[ 2 2 2 2 2 2 2 2 2 2 ] [ 10 4 2 2 2 ] [ 11 2 2 2 1 1 1 ]
[ 2 2 2 2 2 2 2 2 2 2 ] [ 10 4 2 2 2 ] [ 11 3 2 1 1 1 1 ]
[ 2 2 2 2 2 2 2 2 2 2 ] [ 10 4 2 2 2 ] [ 11 4 1 1 1 1 1 ]
[ 2 2 2 2 2 2 2 2 2 2 ] [ 10 4 2 2 2 ] [ 12 2 2 1 1 1 1 ]
[ 2 2 2 2 2 2 2 2 2 2 ] [ 10 4 2 2 2 ] [ 12 3 1 1 1 1 1 ]
[ 2 2 2 2 2 2 2 2 2 2 ] [ 10 4 2 2 2 ] [ 13 2 1 1 1 1 1 ]
[ 2 2 2 2 2 2 2 2 2 2 ] [ 10 4 4 2 ] [ 11 2 2 1 1 1 1 1 ]
[ 2 2 2 2 2 2 2 2 2 2 ] [ 10 4 4 2 ] [ 11 3 1 1 1 1 1 1 ]
[ 2 2 2 2 2 2 2 2 2 2 ] [ 10 4 4 2 ] [ 12 2 1 1 1 1 1 1 ]
[ 2 2 2 2 2 2 2 2 2 2 ] [ 10 6 2 2 ] [ 11 2 2 1 1 1 1 1 ]
[ 2 2 2 2 2 2 2 2 2 2 ] [ 10 6 2 2 ] [ 11 3 1 1 1 1 1 1 ]
[ 2 2 2 2 2 2 2 2 2 2 ] [ 10 6 2 2 ] [ 12 2 1 1 1 1 1 1 ]
[ 2 2 2 2 2 2 2 2 2 2 ] [ 10 6 4 ] [ 11 2 1 1 1 1 1 1 1 ]
[ 2 2 2 2 2 2 2 2 2 2 ] [ 10 8 2 ] [ 11 2 1 1 1 1 1 1 1 ]
[ 2 2 2 2 2 2 2 2 2 2 ] [ 11 2 1 1 1 1 1 1 1 ] [ 12 4 4 ]
[ 2 2 2 2 2 2 2 2 2 2 ] [ 11 2 1 1 1 1 1 1 1 ] [ 12 6 2 ]
[ 2 2 2 2 2 2 2 2 2 2 ] [ 11 2 1 1 1 1 1 1 1 ] [ 14 4 2 ]
[ 2 2 2 2 2 2 2 2 2 2 ] [ 11 2 1 1 1 1 1 1 1 ] [ 16 2 2 ]
[ 2 2 2 2 2 2 2 2 2 2 ] [ 11 2 2 1 1 1 1 1 ] [ 12 4 2 2 ]
[ 2 2 2 2 2 2 2 2 2 2 ] [ 11 2 2 1 1 1 1 1 ] [ 14 2 2 2 ]
[ 2 2 2 2 2 2 2 2 2 2 ] [ 11 2 2 2 1 1 1 ] [ 12 2 2 2 2 ]
[ 2 2 2 2 2 2 2 2 2 2 ] [ 11 3 1 1 1 1 1 1 ] [ 12 4 2 2 ]
[ 2 2 2 2 2 2 2 2 2 2 ] [ 11 3 1 1 1 1 1 1 ] [ 14 2 2 2 ]
[ 2 2 2 2 2 2 2 2 2 2 ] [ 11 3 2 1 1 1 1 ] [ 12 2 2 2 2 ]
[ 2 2 2 2 2 2 2 2 2 2 ] [ 11 4 1 1 1 1 1 ] [ 12 2 2 2 2 ]
[ 2 2 2 2 2 2 2 2 2 2 ] [ 12 2 1 1 1 1 1 1 ] [ 12 4 2 2 ]
[ 2 2 2 2 2 2 2 2 2 2 ] [ 12 2 1 1 1 1 1 1 ] [ 14 2 2 2 ]
[ 2 2 2 2 2 2 2 2 2 2 ] [ 12 2 2 1 1 1 1 ] [ 12 2 2 2 2 ]
[ 2 2 2 2 2 2 2 2 2 2 ] [ 12 2 2 2 2 ] [ 12 3 1 1 1 1 1 ]
[ 2 2 2 2 2 2 2 2 2 2 ] [ 12 2 2 2 2 ] [ 13 2 1 1 1 1 1 ]
[ 3 3 3 3 3 3 2 ] [ 4 2 2 2 2 2 2 2 2 ] [ 4 4 4 4 2 2 ]
[ 3 3 3 3 3 3 2 ] [ 4 2 2 2 2 2 2 2 2 ] [ 6 4 4 2 2 2 ]
[ 3 3 3 3 3 3 2 ] [ 4 2 2 2 2 2 2 2 2 ] [ 6 6 2 2 2 2 ]
[ 3 3 3 3 3 3 2 ] [ 4 2 2 2 2 2 2 2 2 ] [ 8 4 2 2 2 2 ]
[ 3 3 3 3 3 3 2 ] [ 4 2 2 2 2 2 2 2 2 ] [ 10 2 2 2 2 2 ]
[ 3 3 3 3 3 3 2 ] [ 4 4 2 2 2 2 2 2 ] [ 4 4 4 2 2 2 2 ]
[ 3 3 3 3 3 3 2 ] [ 4 4 2 2 2 2 2 2 ] [ 6 4 2 2 2 2 2 ]
[ 3 3 3 3 3 3 2 ] [ 4 4 2 2 2 2 2 2 ] [ 8 2 2 2 2 2 2 ]
[ 3 3 3 3 3 3 2 ] [ 4 4 4 2 2 2 2 ] [ 6 2 2 2 2 2 2 2 ]
[ 3 3 3 3 3 3 2 ] [ 6 2 2 2 2 2 2 2 ] [ 6 4 2 2 2 2 2 ]
[ 3 3 3 3 3 3 2 ] [ 6 2 2 2 2 2 2 2 ] [ 8 2 2 2 2 2 2 ]
[ 4 2 2 2 2 2 2 2 2 ] [ 4 2 2 2 2 2 2 2 2 ] [ 6 6 5 3 ]
[ 4 2 2 2 2 2 2 2 2 ] [ 4 2 2 2 2 2 2 2 2 ] [ 6 6 6 2 ]
[ 4 2 2 2 2 2 2 2 2 ] [ 4 2 2 2 2 2 2 2 2 ] [ 7 5 4 4 ]
[ 4 2 2 2 2 2 2 2 2 ] [ 4 2 2 2 2 2 2 2 2 ] [ 7 6 5 2 ]
[ 4 2 2 2 2 2 2 2 2 ] [ 4 2 2 2 2 2 2 2 2 ] [ 7 6 6 1 ]
[ 4 2 2 2 2 2 2 2 2 ] [ 4 2 2 2 2 2 2 2 2 ] [ 7 7 4 2 ]
[ 4 2 2 2 2 2 2 2 2 ] [ 4 2 2 2 2 2 2 2 2 ] [ 7 7 5 1 ]
[ 4 2 2 2 2 2 2 2 2 ] [ 4 2 2 2 2 2 2 2 2 ] [ 8 4 4 4 ]
[ 4 2 2 2 2 2 2 2 2 ] [ 4 2 2 2 2 2 2 2 2 ] [ 8 5 4 3 ]
[ 4 2 2 2 2 2 2 2 2 ] [ 4 2 2 2 2 2 2 2 2 ] [ 8 6 3 3 ]
[ 4 2 2 2 2 2 2 2 2 ] [ 4 2 2 2 2 2 2 2 2 ] [ 8 6 5 1 ]
[ 4 2 2 2 2 2 2 2 2 ] [ 4 2 2 2 2 2 2 2 2 ] [ 8 7 4 1 ]
[ 4 2 2 2 2 2 2 2 2 ] [ 4 2 2 2 2 2 2 2 2 ] [ 8 8 3 1 ]
[ 4 2 2 2 2 2 2 2 2 ] [ 4 2 2 2 2 2 2 2 2 ] [ 9 4 4 3 ]
[ 4 2 2 2 2 2 2 2 2 ] [ 4 2 2 2 2 2 2 2 2 ] [ 9 5 3 3 ]
[ 4 2 2 2 2 2 2 2 2 ] [ 4 2 2 2 2 2 2 2 2 ] [ 9 5 4 2 ]
[ 4 2 2 2 2 2 2 2 2 ] [ 4 2 2 2 2 2 2 2 2 ] [ 9 6 3 2 ]
[ 4 2 2 2 2 2 2 2 2 ] [ 4 2 2 2 2 2 2 2 2 ] [ 9 7 2 2 ]
[ 4 2 2 2 2 2 2 2 2 ] [ 4 2 2 2 2 2 2 2 2 ] [ 11 3 3 3 ]
[ 4 2 2 2 2 2 2 2 2 ] [ 4 2 2 2 2 2 2 2 2 ] [ 11 4 3 2 ]
[ 4 2 2 2 2 2 2 2 2 ] [ 4 2 2 2 2 2 2 2 2 ] [ 11 4 4 1 ]
[ 4 2 2 2 2 2 2 2 2 ] [ 4 2 2 2 2 2 2 2 2 ] [ 11 5 2 2 ]
[ 4 2 2 2 2 2 2 2 2 ] [ 4 2 2 2 2 2 2 2 2 ] [ 11 5 3 1 ]
[ 4 2 2 2 2 2 2 2 2 ] [ 4 2 2 2 2 2 2 2 2 ] [ 11 6 2 1 ]
[ 4 2 2 2 2 2 2 2 2 ] [ 4 2 2 2 2 2 2 2 2 ] [ 11 7 1 1 ]
[ 4 2 2 2 2 2 2 2 2 ] [ 4 2 2 2 2 2 2 2 2 ] [ 12 3 3 2 ]
[ 4 2 2 2 2 2 2 2 2 ] [ 4 2 2 2 2 2 2 2 2 ] [ 12 4 2 2 ]
[ 4 2 2 2 2 2 2 2 2 ] [ 4 2 2 2 2 2 2 2 2 ] [ 12 4 3 1 ]
[ 4 2 2 2 2 2 2 2 2 ] [ 4 2 2 2 2 2 2 2 2 ] [ 12 5 2 1 ]
[ 4 2 2 2 2 2 2 2 2 ] [ 4 2 2 2 2 2 2 2 2 ] [ 12 6 1 1 ]
[ 4 2 2 2 2 2 2 2 2 ] [ 4 2 2 2 2 2 2 2 2 ] [ 13 3 2 2 ]
[ 4 2 2 2 2 2 2 2 2 ] [ 4 2 2 2 2 2 2 2 2 ] [ 13 3 3 1 ]
[ 4 2 2 2 2 2 2 2 2 ] [ 4 2 2 2 2 2 2 2 2 ] [ 13 4 2 1 ]
[ 4 2 2 2 2 2 2 2 2 ] [ 4 2 2 2 2 2 2 2 2 ] [ 13 5 1 1 ]
[ 4 2 2 2 2 2 2 2 2 ] [ 4 2 2 2 2 2 2 2 2 ] [ 14 2 2 2 ]
[ 4 2 2 2 2 2 2 2 2 ] [ 4 2 2 2 2 2 2 2 2 ] [ 14 3 2 1 ]
[ 4 2 2 2 2 2 2 2 2 ] [ 4 2 2 2 2 2 2 2 2 ] [ 14 4 1 1 ]
[ 4 2 2 2 2 2 2 2 2 ] [ 4 2 2 2 2 2 2 2 2 ] [ 15 2 2 1 ]
[ 4 2 2 2 2 2 2 2 2 ] [ 4 2 2 2 2 2 2 2 2 ] [ 15 3 1 1 ]
[ 4 2 2 2 2 2 2 2 2 ] [ 4 2 2 2 2 2 2 2 2 ] [ 16 2 1 1 ]
[ 4 2 2 2 2 2 2 2 2 ] [ 4 4 2 2 2 2 2 2 ] [ 4 4 4 4 4 ]
[ 4 2 2 2 2 2 2 2 2 ] [ 4 4 2 2 2 2 2 2 ] [ 5 4 4 4 3 ]
[ 4 2 2 2 2 2 2 2 2 ] [ 4 4 2 2 2 2 2 2 ] [ 6 5 3 3 3 ]
[ 4 2 2 2 2 2 2 2 2 ] [ 4 4 2 2 2 2 2 2 ] [ 6 6 3 3 2 ]
[ 4 2 2 2 2 2 2 2 2 ] [ 4 4 2 2 2 2 2 2 ] [ 6 6 5 2 1 ]
[ 4 2 2 2 2 2 2 2 2 ] [ 4 4 2 2 2 2 2 2 ] [ 6 6 6 1 1 ]
[ 4 2 2 2 2 2 2 2 2 ] [ 4 4 2 2 2 2 2 2 ] [ 7 4 4 4 1 ]
[ 4 2 2 2 2 2 2 2 2 ] [ 4 4 2 2 2 2 2 2 ] [ 7 5 4 2 2 ]
[ 4 2 2 2 2 2 2 2 2 ] [ 4 4 2 2 2 2 2 2 ] [ 7 6 5 1 1 ]
[ 4 2 2 2 2 2 2 2 2 ] [ 4 4 2 2 2 2 2 2 ] [ 7 7 2 2 2 ]
[ 4 2 2 2 2 2 2 2 2 ] [ 4 4 2 2 2 2 2 2 ] [ 7 7 4 1 1 ]
[ 4 2 2 2 2 2 2 2 2 ] [ 4 4 2 2 2 2 2 2 ] [ 8 3 3 3 3 ]
[ 4 2 2 2 2 2 2 2 2 ] [ 4 4 2 2 2 2 2 2 ] [ 8 4 4 3 1 ]
[ 4 2 2 2 2 2 2 2 2 ] [ 4 4 2 2 2 2 2 2 ] [ 8 5 3 3 1 ]
[ 4 2 2 2 2 2 2 2 2 ] [ 4 4 2 2 2 2 2 2 ] [ 9 3 3 3 2 ]
[ 4 2 2 2 2 2 2 2 2 ] [ 4 4 2 2 2 2 2 2 ] [ 9 4 3 2 2 ]
[ 4 2 2 2 2 2 2 2 2 ] [ 4 4 2 2 2 2 2 2 ] [ 9 5 2 2 2 ]
[ 4 2 2 2 2 2 2 2 2 ] [ 4 4 2 2 2 2 2 2 ] [ 11 3 2 2 2 ]
[ 4 2 2 2 2 2 2 2 2 ] [ 4 4 2 2 2 2 2 2 ] [ 11 3 3 2 1 ]
[ 4 2 2 2 2 2 2 2 2 ] [ 4 4 2 2 2 2 2 2 ] [ 11 4 2 2 1 ]
[ 4 2 2 2 2 2 2 2 2 ] [ 4 4 2 2 2 2 2 2 ] [ 11 4 3 1 1 ]
[ 4 2 2 2 2 2 2 2 2 ] [ 4 4 2 2 2 2 2 2 ] [ 11 5 2 1 1 ]
[ 4 2 2 2 2 2 2 2 2 ] [ 4 4 2 2 2 2 2 2 ] [ 11 6 1 1 1 ]
[ 4 2 2 2 2 2 2 2 2 ] [ 4 4 2 2 2 2 2 2 ] [ 12 2 2 2 2 ]
[ 4 2 2 2 2 2 2 2 2 ] [ 4 4 2 2 2 2 2 2 ] [ 12 3 2 2 1 ]
[ 4 2 2 2 2 2 2 2 2 ] [ 4 4 2 2 2 2 2 2 ] [ 12 3 3 1 1 ]
[ 4 2 2 2 2 2 2 2 2 ] [ 4 4 2 2 2 2 2 2 ] [ 12 4 2 1 1 ]
[ 4 2 2 2 2 2 2 2 2 ] [ 4 4 2 2 2 2 2 2 ] [ 12 5 1 1 1 ]
[ 4 2 2 2 2 2 2 2 2 ] [ 4 4 2 2 2 2 2 2 ] [ 13 2 2 2 1 ]
[ 4 2 2 2 2 2 2 2 2 ] [ 4 4 2 2 2 2 2 2 ] [ 13 3 2 1 1 ]
[ 4 2 2 2 2 2 2 2 2 ] [ 4 4 2 2 2 2 2 2 ] [ 13 4 1 1 1 ]
[ 4 2 2 2 2 2 2 2 2 ] [ 4 4 2 2 2 2 2 2 ] [ 14 2 2 1 1 ]
[ 4 2 2 2 2 2 2 2 2 ] [ 4 4 2 2 2 2 2 2 ] [ 14 3 1 1 1 ]
[ 4 2 2 2 2 2 2 2 2 ] [ 4 4 2 2 2 2 2 2 ] [ 15 2 1 1 1 ]
[ 4 2 2 2 2 2 2 2 2 ] [ 4 4 4 2 2 2 2 ] [ 4 4 4 4 3 1 ]
[ 4 2 2 2 2 2 2 2 2 ] [ 4 4 4 2 2 2 2 ] [ 5 3 3 3 3 3 ]
[ 4 2 2 2 2 2 2 2 2 ] [ 4 4 4 2 2 2 2 ] [ 6 3 3 3 3 2 ]
[ 4 2 2 2 2 2 2 2 2 ] [ 4 4 4 2 2 2 2 ] [ 6 6 5 1 1 1 ]
[ 4 2 2 2 2 2 2 2 2 ] [ 4 4 4 2 2 2 2 ] [ 7 5 2 2 2 2 ]
[ 4 2 2 2 2 2 2 2 2 ] [ 4 4 4 2 2 2 2 ] [ 9 3 2 2 2 2 ]
[ 4 2 2 2 2 2 2 2 2 ] [ 4 4 4 2 2 2 2 ] [ 11 2 2 2 2 1 ]
[ 4 2 2 2 2 2 2 2 2 ] [ 4 4 4 2 2 2 2 ] [ 11 3 2 2 1 1 ]
[ 4 2 2 2 2 2 2 2 2 ] [ 4 4 4 2 2 2 2 ] [ 11 3 3 1 1 1 ]
[ 4 2 2 2 2 2 2 2 2 ] [ 4 4 4 2 2 2 2 ] [ 11 4 2 1 1 1 ]
[ 4 2 2 2 2 2 2 2 2 ] [ 4 4 4 2 2 2 2 ] [ 11 5 1 1 1 1 ]
[ 4 2 2 2 2 2 2 2 2 ] [ 4 4 4 2 2 2 2 ] [ 12 2 2 2 1 1 ]
[ 4 2 2 2 2 2 2 2 2 ] [ 4 4 4 2 2 2 2 ] [ 12 3 2 1 1 1 ]
[ 4 2 2 2 2 2 2 2 2 ] [ 4 4 4 2 2 2 2 ] [ 12 4 1 1 1 1 ]
[ 4 2 2 2 2 2 2 2 2 ] [ 4 4 4 2 2 2 2 ] [ 13 2 2 1 1 1 ]
[ 4 2 2 2 2 2 2 2 2 ] [ 4 4 4 2 2 2 2 ] [ 13 3 1 1 1 1 ]
[ 4 2 2 2 2 2 2 2 2 ] [ 4 4 4 2 2 2 2 ] [ 14 2 1 1 1 1 ]
[ 4 2 2 2 2 2 2 2 2 ] [ 4 4 4 4 2 2 ] [ 11 2 2 2 1 1 1 ]
[ 4 2 2 2 2 2 2 2 2 ] [ 4 4 4 4 2 2 ] [ 11 3 2 1 1 1 1 ]
[ 4 2 2 2 2 2 2 2 2 ] [ 4 4 4 4 2 2 ] [ 11 4 1 1 1 1 1 ]
[ 4 2 2 2 2 2 2 2 2 ] [ 4 4 4 4 2 2 ] [ 12 2 2 1 1 1 1 ]
[ 4 2 2 2 2 2 2 2 2 ] [ 4 4 4 4 2 2 ] [ 12 3 1 1 1 1 1 ]
[ 4 2 2 2 2 2 2 2 2 ] [ 4 4 4 4 2 2 ] [ 13 2 1 1 1 1 1 ]
[ 4 2 2 2 2 2 2 2 2 ] [ 4 4 4 4 3 1 ] [ 6 4 2 2 2 2 2 ]
[ 4 2 2 2 2 2 2 2 2 ] [ 4 4 4 4 3 1 ] [ 8 2 2 2 2 2 2 ]
[ 4 2 2 2 2 2 2 2 2 ] [ 4 4 4 4 4 ] [ 6 2 2 2 2 2 2 2 ]
[ 4 2 2 2 2 2 2 2 2 ] [ 4 4 4 4 4 ] [ 11 2 2 1 1 1 1 1 ]
[ 4 2 2 2 2 2 2 2 2 ] [ 4 4 4 4 4 ] [ 11 3 1 1 1 1 1 1 ]
[ 4 2 2 2 2 2 2 2 2 ] [ 4 4 4 4 4 ] [ 12 2 1 1 1 1 1 1 ]
[ 4 2 2 2 2 2 2 2 2 ] [ 5 3 3 3 3 3 ] [ 6 4 2 2 2 2 2 ]
[ 4 2 2 2 2 2 2 2 2 ] [ 5 3 3 3 3 3 ] [ 8 2 2 2 2 2 2 ]
[ 4 2 2 2 2 2 2 2 2 ] [ 5 4 4 4 3 ] [ 6 2 2 2 2 2 2 2 ]
[ 4 2 2 2 2 2 2 2 2 ] [ 6 2 2 2 2 2 2 2 ] [ 6 5 3 3 3 ]
[ 4 2 2 2 2 2 2 2 2 ] [ 6 2 2 2 2 2 2 2 ] [ 6 6 3 3 2 ]
[ 4 2 2 2 2 2 2 2 2 ] [ 6 2 2 2 2 2 2 2 ] [ 6 6 5 2 1 ]
[ 4 2 2 2 2 2 2 2 2 ] [ 6 2 2 2 2 2 2 2 ] [ 6 6 6 1 1 ]
[ 4 2 2 2 2 2 2 2 2 ] [ 6 2 2 2 2 2 2 2 ] [ 7 4 4 4 1 ]
[ 4 2 2 2 2 2 2 2 2 ] [ 6 2 2 2 2 2 2 2 ] [ 7 5 4 2 2 ]
[ 4 2 2 2 2 2 2 2 2 ] [ 6 2 2 2 2 2 2 2 ] [ 7 6 5 1 1 ]
[ 4 2 2 2 2 2 2 2 2 ] [ 6 2 2 2 2 2 2 2 ] [ 7 7 2 2 2 ]
[ 4 2 2 2 2 2 2 2 2 ] [ 6 2 2 2 2 2 2 2 ] [ 7 7 4 1 1 ]
[ 4 2 2 2 2 2 2 2 2 ] [ 6 2 2 2 2 2 2 2 ] [ 8 3 3 3 3 ]
[ 4 2 2 2 2 2 2 2 2 ] [ 6 2 2 2 2 2 2 2 ] [ 8 4 4 3 1 ]
[ 4 2 2 2 2 2 2 2 2 ] [ 6 2 2 2 2 2 2 2 ] [ 8 5 3 3 1 ]
[ 4 2 2 2 2 2 2 2 2 ] [ 6 2 2 2 2 2 2 2 ] [ 9 3 3 3 2 ]
[ 4 2 2 2 2 2 2 2 2 ] [ 6 2 2 2 2 2 2 2 ] [ 9 4 3 2 2 ]
[ 4 2 2 2 2 2 2 2 2 ] [ 6 2 2 2 2 2 2 2 ] [ 9 5 2 2 2 ]
[ 4 2 2 2 2 2 2 2 2 ] [ 6 2 2 2 2 2 2 2 ] [ 11 3 2 2 2 ]
[ 4 2 2 2 2 2 2 2 2 ] [ 6 2 2 2 2 2 2 2 ] [ 11 3 3 2 1 ]
[ 4 2 2 2 2 2 2 2 2 ] [ 6 2 2 2 2 2 2 2 ] [ 11 4 2 2 1 ]
[ 4 2 2 2 2 2 2 2 2 ] [ 6 2 2 2 2 2 2 2 ] [ 11 4 3 1 1 ]
[ 4 2 2 2 2 2 2 2 2 ] [ 6 2 2 2 2 2 2 2 ] [ 11 5 2 1 1 ]
[ 4 2 2 2 2 2 2 2 2 ] [ 6 2 2 2 2 2 2 2 ] [ 11 6 1 1 1 ]
[ 4 2 2 2 2 2 2 2 2 ] [ 6 2 2 2 2 2 2 2 ] [ 12 2 2 2 2 ]
[ 4 2 2 2 2 2 2 2 2 ] [ 6 2 2 2 2 2 2 2 ] [ 12 3 2 2 1 ]
[ 4 2 2 2 2 2 2 2 2 ] [ 6 2 2 2 2 2 2 2 ] [ 12 3 3 1 1 ]
[ 4 2 2 2 2 2 2 2 2 ] [ 6 2 2 2 2 2 2 2 ] [ 12 4 2 1 1 ]
[ 4 2 2 2 2 2 2 2 2 ] [ 6 2 2 2 2 2 2 2 ] [ 12 5 1 1 1 ]
[ 4 2 2 2 2 2 2 2 2 ] [ 6 2 2 2 2 2 2 2 ] [ 13 2 2 2 1 ]
[ 4 2 2 2 2 2 2 2 2 ] [ 6 2 2 2 2 2 2 2 ] [ 13 3 2 1 1 ]
[ 4 2 2 2 2 2 2 2 2 ] [ 6 2 2 2 2 2 2 2 ] [ 13 4 1 1 1 ]
[ 4 2 2 2 2 2 2 2 2 ] [ 6 2 2 2 2 2 2 2 ] [ 14 2 2 1 1 ]
[ 4 2 2 2 2 2 2 2 2 ] [ 6 2 2 2 2 2 2 2 ] [ 14 3 1 1 1 ]
[ 4 2 2 2 2 2 2 2 2 ] [ 6 2 2 2 2 2 2 2 ] [ 15 2 1 1 1 ]
[ 4 2 2 2 2 2 2 2 2 ] [ 6 3 3 3 3 2 ] [ 6 4 2 2 2 2 2 ]
[ 4 2 2 2 2 2 2 2 2 ] [ 6 3 3 3 3 2 ] [ 8 2 2 2 2 2 2 ]
[ 4 2 2 2 2 2 2 2 2 ] [ 6 4 2 2 2 2 2 ] [ 6 6 5 1 1 1 ]
[ 4 2 2 2 2 2 2 2 2 ] [ 6 4 2 2 2 2 2 ] [ 7 5 2 2 2 2 ]
[ 4 2 2 2 2 2 2 2 2 ] [ 6 4 2 2 2 2 2 ] [ 9 3 2 2 2 2 ]
[ 4 2 2 2 2 2 2 2 2 ] [ 6 4 2 2 2 2 2 ] [ 11 2 2 2 2 1 ]
[ 4 2 2 2 2 2 2 2 2 ] [ 6 4 2 2 2 2 2 ] [ 11 3 2 2 1 1 ]
[ 4 2 2 2 2 2 2 2 2 ] [ 6 4 2 2 2 2 2 ] [ 11 3 3 1 1 1 ]
[ 4 2 2 2 2 2 2 2 2 ] [ 6 4 2 2 2 2 2 ] [ 11 4 2 1 1 1 ]
[ 4 2 2 2 2 2 2 2 2 ] [ 6 4 2 2 2 2 2 ] [ 11 5 1 1 1 1 ]
[ 4 2 2 2 2 2 2 2 2 ] [ 6 4 2 2 2 2 2 ] [ 12 2 2 2 1 1 ]
[ 4 2 2 2 2 2 2 2 2 ] [ 6 4 2 2 2 2 2 ] [ 12 3 2 1 1 1 ]
[ 4 2 2 2 2 2 2 2 2 ] [ 6 4 2 2 2 2 2 ] [ 12 4 1 1 1 1 ]
[ 4 2 2 2 2 2 2 2 2 ] [ 6 4 2 2 2 2 2 ] [ 13 2 2 1 1 1 ]
[ 4 2 2 2 2 2 2 2 2 ] [ 6 4 2 2 2 2 2 ] [ 13 3 1 1 1 1 ]
[ 4 2 2 2 2 2 2 2 2 ] [ 6 4 2 2 2 2 2 ] [ 14 2 1 1 1 1 ]
[ 4 2 2 2 2 2 2 2 2 ] [ 6 4 4 2 2 2 ] [ 11 2 2 2 1 1 1 ]
[ 4 2 2 2 2 2 2 2 2 ] [ 6 4 4 2 2 2 ] [ 11 3 2 1 1 1 1 ]
[ 4 2 2 2 2 2 2 2 2 ] [ 6 4 4 2 2 2 ] [ 11 4 1 1 1 1 1 ]
[ 4 2 2 2 2 2 2 2 2 ] [ 6 4 4 2 2 2 ] [ 12 2 2 1 1 1 1 ]
[ 4 2 2 2 2 2 2 2 2 ] [ 6 4 4 2 2 2 ] [ 12 3 1 1 1 1 1 ]
[ 4 2 2 2 2 2 2 2 2 ] [ 6 4 4 2 2 2 ] [ 13 2 1 1 1 1 1 ]
[ 4 2 2 2 2 2 2 2 2 ] [ 6 4 4 4 2 ] [ 11 2 2 1 1 1 1 1 ]
[ 4 2 2 2 2 2 2 2 2 ] [ 6 4 4 4 2 ] [ 11 3 1 1 1 1 1 1 ]
[ 4 2 2 2 2 2 2 2 2 ] [ 6 4 4 4 2 ] [ 12 2 1 1 1 1 1 1 ]
[ 4 2 2 2 2 2 2 2 2 ] [ 6 6 2 2 2 2 ] [ 11 2 2 2 1 1 1 ]
[ 4 2 2 2 2 2 2 2 2 ] [ 6 6 2 2 2 2 ] [ 11 3 2 1 1 1 1 ]
[ 4 2 2 2 2 2 2 2 2 ] [ 6 6 2 2 2 2 ] [ 11 4 1 1 1 1 1 ]
[ 4 2 2 2 2 2 2 2 2 ] [ 6 6 2 2 2 2 ] [ 12 2 2 1 1 1 1 ]
[ 4 2 2 2 2 2 2 2 2 ] [ 6 6 2 2 2 2 ] [ 12 3 1 1 1 1 1 ]
[ 4 2 2 2 2 2 2 2 2 ] [ 6 6 2 2 2 2 ] [ 13 2 1 1 1 1 1 ]
[ 4 2 2 2 2 2 2 2 2 ] [ 6 6 4 2 2 ] [ 11 2 2 1 1 1 1 1 ]
[ 4 2 2 2 2 2 2 2 2 ] [ 6 6 4 2 2 ] [ 11 3 1 1 1 1 1 1 ]
[ 4 2 2 2 2 2 2 2 2 ] [ 6 6 4 2 2 ] [ 12 2 1 1 1 1 1 1 ]
[ 4 2 2 2 2 2 2 2 2 ] [ 6 6 4 4 ] [ 11 2 1 1 1 1 1 1 1 ]
[ 4 2 2 2 2 2 2 2 2 ] [ 6 6 5 1 1 1 ] [ 8 2 2 2 2 2 2 ]
[ 4 2 2 2 2 2 2 2 2 ] [ 6 6 6 2 ] [ 11 2 1 1 1 1 1 1 1 ]
[ 4 2 2 2 2 2 2 2 2 ] [ 7 5 2 2 2 2 ] [ 8 2 2 2 2 2 2 ]
[ 4 2 2 2 2 2 2 2 2 ] [ 8 2 2 2 2 2 2 ] [ 9 3 2 2 2 2 ]
[ 4 2 2 2 2 2 2 2 2 ] [ 8 2 2 2 2 2 2 ] [ 11 2 2 2 2 1 ]
[ 4 2 2 2 2 2 2 2 2 ] [ 8 2 2 2 2 2 2 ] [ 11 3 2 2 1 1 ]
[ 4 2 2 2 2 2 2 2 2 ] [ 8 2 2 2 2 2 2 ] [ 11 3 3 1 1 1 ]
[ 4 2 2 2 2 2 2 2 2 ] [ 8 2 2 2 2 2 2 ] [ 11 4 2 1 1 1 ]
[ 4 2 2 2 2 2 2 2 2 ] [ 8 2 2 2 2 2 2 ] [ 11 5 1 1 1 1 ]
[ 4 2 2 2 2 2 2 2 2 ] [ 8 2 2 2 2 2 2 ] [ 12 2 2 2 1 1 ]
[ 4 2 2 2 2 2 2 2 2 ] [ 8 2 2 2 2 2 2 ] [ 12 3 2 1 1 1 ]
[ 4 2 2 2 2 2 2 2 2 ] [ 8 2 2 2 2 2 2 ] [ 12 4 1 1 1 1 ]
[ 4 2 2 2 2 2 2 2 2 ] [ 8 2 2 2 2 2 2 ] [ 13 2 2 1 1 1 ]
[ 4 2 2 2 2 2 2 2 2 ] [ 8 2 2 2 2 2 2 ] [ 13 3 1 1 1 1 ]
[ 4 2 2 2 2 2 2 2 2 ] [ 8 2 2 2 2 2 2 ] [ 14 2 1 1 1 1 ]
[ 4 2 2 2 2 2 2 2 2 ] [ 8 4 2 2 2 2 ] [ 11 2 2 2 1 1 1 ]
[ 4 2 2 2 2 2 2 2 2 ] [ 8 4 2 2 2 2 ] [ 11 3 2 1 1 1 1 ]
[ 4 2 2 2 2 2 2 2 2 ] [ 8 4 2 2 2 2 ] [ 11 4 1 1 1 1 1 ]
[ 4 2 2 2 2 2 2 2 2 ] [ 8 4 2 2 2 2 ] [ 12 2 2 1 1 1 1 ]
[ 4 2 2 2 2 2 2 2 2 ] [ 8 4 2 2 2 2 ] [ 12 3 1 1 1 1 1 ]
[ 4 2 2 2 2 2 2 2 2 ] [ 8 4 2 2 2 2 ] [ 13 2 1 1 1 1 1 ]
[ 4 2 2 2 2 2 2 2 2 ] [ 8 4 4 2 2 ] [ 11 2 2 1 1 1 1 1 ]
[ 4 2 2 2 2 2 2 2 2 ] [ 8 4 4 2 2 ] [ 11 3 1 1 1 1 1 1 ]
[ 4 2 2 2 2 2 2 2 2 ] [ 8 4 4 2 2 ] [ 12 2 1 1 1 1 1 1 ]
[ 4 2 2 2 2 2 2 2 2 ] [ 8 4 4 4 ] [ 11 2 1 1 1 1 1 1 1 ]
[ 4 2 2 2 2 2 2 2 2 ] [ 8 6 2 2 2 ] [ 11 2 2 1 1 1 1 1 ]
[ 4 2 2 2 2 2 2 2 2 ] [ 8 6 2 2 2 ] [ 11 3 1 1 1 1 1 1 ]
[ 4 2 2 2 2 2 2 2 2 ] [ 8 6 2 2 2 ] [ 12 2 1 1 1 1 1 1 ]
[ 4 2 2 2 2 2 2 2 2 ] [ 8 6 4 2 ] [ 11 2 1 1 1 1 1 1 1 ]
[ 4 2 2 2 2 2 2 2 2 ] [ 8 8 2 2 ] [ 11 2 1 1 1 1 1 1 1 ]
[ 4 2 2 2 2 2 2 2 2 ] [ 10 2 2 2 2 2 ] [ 11 2 2 2 1 1 1 ]
[ 4 2 2 2 2 2 2 2 2 ] [ 10 2 2 2 2 2 ] [ 11 3 2 1 1 1 1 ]
[ 4 2 2 2 2 2 2 2 2 ] [ 10 2 2 2 2 2 ] [ 11 4 1 1 1 1 1 ]
[ 4 2 2 2 2 2 2 2 2 ] [ 10 2 2 2 2 2 ] [ 12 2 2 1 1 1 1 ]
[ 4 2 2 2 2 2 2 2 2 ] [ 10 2 2 2 2 2 ] [ 12 3 1 1 1 1 1 ]
[ 4 2 2 2 2 2 2 2 2 ] [ 10 2 2 2 2 2 ] [ 13 2 1 1 1 1 1 ]
[ 4 2 2 2 2 2 2 2 2 ] [ 10 4 2 2 2 ] [ 11 2 2 1 1 1 1 1 ]
[ 4 2 2 2 2 2 2 2 2 ] [ 10 4 2 2 2 ] [ 11 3 1 1 1 1 1 1 ]
[ 4 2 2 2 2 2 2 2 2 ] [ 10 4 2 2 2 ] [ 12 2 1 1 1 1 1 1 ]
[ 4 2 2 2 2 2 2 2 2 ] [ 10 4 4 2 ] [ 11 2 1 1 1 1 1 1 1 ]
[ 4 2 2 2 2 2 2 2 2 ] [ 10 6 2 2 ] [ 11 2 1 1 1 1 1 1 1 ]
[ 4 2 2 2 2 2 2 2 2 ] [ 11 2 1 1 1 1 1 1 1 ] [ 12 4 2 2 ]
[ 4 2 2 2 2 2 2 2 2 ] [ 11 2 1 1 1 1 1 1 1 ] [ 14 2 2 2 ]
[ 4 2 2 2 2 2 2 2 2 ] [ 11 2 2 1 1 1 1 1 ] [ 12 2 2 2 2 ]
[ 4 2 2 2 2 2 2 2 2 ] [ 11 3 1 1 1 1 1 1 ] [ 12 2 2 2 2 ]
[ 4 2 2 2 2 2 2 2 2 ] [ 12 2 1 1 1 1 1 1 ] [ 12 2 2 2 2 ]
[ 4 4 2 2 2 2 2 2 ] [ 4 4 2 2 2 2 2 2 ] [ 4 4 4 4 3 1 ]
[ 4 4 2 2 2 2 2 2 ] [ 4 4 2 2 2 2 2 2 ] [ 5 3 3 3 3 3 ]
[ 4 4 2 2 2 2 2 2 ] [ 4 4 2 2 2 2 2 2 ] [ 6 3 3 3 3 2 ]
[ 4 4 2 2 2 2 2 2 ] [ 4 4 2 2 2 2 2 2 ] [ 6 6 5 1 1 1 ]
[ 4 4 2 2 2 2 2 2 ] [ 4 4 2 2 2 2 2 2 ] [ 7 5 2 2 2 2 ]
[ 4 4 2 2 2 2 2 2 ] [ 4 4 2 2 2 2 2 2 ] [ 9 3 2 2 2 2 ]
[ 4 4 2 2 2 2 2 2 ] [ 4 4 2 2 2 2 2 2 ] [ 11 2 2 2 2 1 ]
[ 4 4 2 2 2 2 2 2 ] [ 4 4 2 2 2 2 2 2 ] [ 11 3 2 2 1 1 ]
[ 4 4 2 2 2 2 2 2 ] [ 4 4 2 2 2 2 2 2 ] [ 11 3 3 1 1 1 ]
[ 4 4 2 2 2 2 2 2 ] [ 4 4 2 2 2 2 2 2 ] [ 11 4 2 1 1 1 ]
[ 4 4 2 2 2 2 2 2 ] [ 4 4 2 2 2 2 2 2 ] [ 11 5 1 1 1 1 ]
[ 4 4 2 2 2 2 2 2 ] [ 4 4 2 2 2 2 2 2 ] [ 12 2 2 2 1 1 ]
[ 4 4 2 2 2 2 2 2 ] [ 4 4 2 2 2 2 2 2 ] [ 12 3 2 1 1 1 ]
[ 4 4 2 2 2 2 2 2 ] [ 4 4 2 2 2 2 2 2 ] [ 12 4 1 1 1 1 ]
[ 4 4 2 2 2 2 2 2 ] [ 4 4 2 2 2 2 2 2 ] [ 13 2 2 1 1 1 ]
[ 4 4 2 2 2 2 2 2 ] [ 4 4 2 2 2 2 2 2 ] [ 13 3 1 1 1 1 ]
[ 4 4 2 2 2 2 2 2 ] [ 4 4 2 2 2 2 2 2 ] [ 14 2 1 1 1 1 ]
[ 4 4 2 2 2 2 2 2 ] [ 4 4 4 2 2 2 2 ] [ 11 2 2 2 1 1 1 ]
[ 4 4 2 2 2 2 2 2 ] [ 4 4 4 2 2 2 2 ] [ 11 3 2 1 1 1 1 ]
[ 4 4 2 2 2 2 2 2 ] [ 4 4 4 2 2 2 2 ] [ 11 4 1 1 1 1 1 ]
[ 4 4 2 2 2 2 2 2 ] [ 4 4 4 2 2 2 2 ] [ 12 2 2 1 1 1 1 ]
[ 4 4 2 2 2 2 2 2 ] [ 4 4 4 2 2 2 2 ] [ 12 3 1 1 1 1 1 ]
[ 4 4 2 2 2 2 2 2 ] [ 4 4 4 2 2 2 2 ] [ 13 2 1 1 1 1 1 ]
[ 4 4 2 2 2 2 2 2 ] [ 4 4 4 4 2 2 ] [ 11 2 2 1 1 1 1 1 ]
[ 4 4 2 2 2 2 2 2 ] [ 4 4 4 4 2 2 ] [ 11 3 1 1 1 1 1 1 ]
[ 4 4 2 2 2 2 2 2 ] [ 4 4 4 4 2 2 ] [ 12 2 1 1 1 1 1 1 ]
[ 4 4 2 2 2 2 2 2 ] [ 4 4 4 4 3 1 ] [ 6 2 2 2 2 2 2 2 ]
[ 4 4 2 2 2 2 2 2 ] [ 4 4 4 4 4 ] [ 11 2 1 1 1 1 1 1 1 ]
[ 4 4 2 2 2 2 2 2 ] [ 5 3 3 3 3 3 ] [ 6 2 2 2 2 2 2 2 ]
[ 4 4 2 2 2 2 2 2 ] [ 6 2 2 2 2 2 2 2 ] [ 6 3 3 3 3 2 ]
[ 4 4 2 2 2 2 2 2 ] [ 6 2 2 2 2 2 2 2 ] [ 6 6 5 1 1 1 ]
[ 4 4 2 2 2 2 2 2 ] [ 6 2 2 2 2 2 2 2 ] [ 7 5 2 2 2 2 ]
[ 4 4 2 2 2 2 2 2 ] [ 6 2 2 2 2 2 2 2 ] [ 9 3 2 2 2 2 ]
[ 4 4 2 2 2 2 2 2 ] [ 6 2 2 2 2 2 2 2 ] [ 11 2 2 2 2 1 ]
[ 4 4 2 2 2 2 2 2 ] [ 6 2 2 2 2 2 2 2 ] [ 11 3 2 2 1 1 ]
[ 4 4 2 2 2 2 2 2 ] [ 6 2 2 2 2 2 2 2 ] [ 11 3 3 1 1 1 ]
[ 4 4 2 2 2 2 2 2 ] [ 6 2 2 2 2 2 2 2 ] [ 11 4 2 1 1 1 ]
[ 4 4 2 2 2 2 2 2 ] [ 6 2 2 2 2 2 2 2 ] [ 11 5 1 1 1 1 ]
[ 4 4 2 2 2 2 2 2 ] [ 6 2 2 2 2 2 2 2 ] [ 12 2 2 2 1 1 ]
[ 4 4 2 2 2 2 2 2 ] [ 6 2 2 2 2 2 2 2 ] [ 12 3 2 1 1 1 ]
[ 4 4 2 2 2 2 2 2 ] [ 6 2 2 2 2 2 2 2 ] [ 12 4 1 1 1 1 ]
[ 4 4 2 2 2 2 2 2 ] [ 6 2 2 2 2 2 2 2 ] [ 13 2 2 1 1 1 ]
[ 4 4 2 2 2 2 2 2 ] [ 6 2 2 2 2 2 2 2 ] [ 13 3 1 1 1 1 ]
[ 4 4 2 2 2 2 2 2 ] [ 6 2 2 2 2 2 2 2 ] [ 14 2 1 1 1 1 ]
[ 4 4 2 2 2 2 2 2 ] [ 6 4 2 2 2 2 2 ] [ 11 2 2 2 1 1 1 ]
[ 4 4 2 2 2 2 2 2 ] [ 6 4 2 2 2 2 2 ] [ 11 3 2 1 1 1 1 ]
[ 4 4 2 2 2 2 2 2 ] [ 6 4 2 2 2 2 2 ] [ 11 4 1 1 1 1 1 ]
[ 4 4 2 2 2 2 2 2 ] [ 6 4 2 2 2 2 2 ] [ 12 2 2 1 1 1 1 ]
[ 4 4 2 2 2 2 2 2 ] [ 6 4 2 2 2 2 2 ] [ 12 3 1 1 1 1 1 ]
[ 4 4 2 2 2 2 2 2 ] [ 6 4 2 2 2 2 2 ] [ 13 2 1 1 1 1 1 ]
[ 4 4 2 2 2 2 2 2 ] [ 6 4 4 2 2 2 ] [ 11 2 2 1 1 1 1 1 ]
[ 4 4 2 2 2 2 2 2 ] [ 6 4 4 2 2 2 ] [ 11 3 1 1 1 1 1 1 ]
[ 4 4 2 2 2 2 2 2 ] [ 6 4 4 2 2 2 ] [ 12 2 1 1 1 1 1 1 ]
[ 4 4 2 2 2 2 2 2 ] [ 6 4 4 4 2 ] [ 11 2 1 1 1 1 1 1 1 ]
[ 4 4 2 2 2 2 2 2 ] [ 6 6 2 2 2 2 ] [ 11 2 2 1 1 1 1 1 ]
[ 4 4 2 2 2 2 2 2 ] [ 6 6 2 2 2 2 ] [ 11 3 1 1 1 1 1 1 ]
[ 4 4 2 2 2 2 2 2 ] [ 6 6 2 2 2 2 ] [ 12 2 1 1 1 1 1 1 ]
[ 4 4 2 2 2 2 2 2 ] [ 6 6 4 2 2 ] [ 11 2 1 1 1 1 1 1 1 ]
[ 4 4 2 2 2 2 2 2 ] [ 8 2 2 2 2 2 2 ] [ 11 2 2 2 1 1 1 ]
[ 4 4 2 2 2 2 2 2 ] [ 8 2 2 2 2 2 2 ] [ 11 3 2 1 1 1 1 ]
[ 4 4 2 2 2 2 2 2 ] [ 8 2 2 2 2 2 2 ] [ 11 4 1 1 1 1 1 ]
[ 4 4 2 2 2 2 2 2 ] [ 8 2 2 2 2 2 2 ] [ 12 2 2 1 1 1 1 ]
[ 4 4 2 2 2 2 2 2 ] [ 8 2 2 2 2 2 2 ] [ 12 3 1 1 1 1 1 ]
[ 4 4 2 2 2 2 2 2 ] [ 8 2 2 2 2 2 2 ] [ 13 2 1 1 1 1 1 ]
[ 4 4 2 2 2 2 2 2 ] [ 8 4 2 2 2 2 ] [ 11 2 2 1 1 1 1 1 ]
[ 4 4 2 2 2 2 2 2 ] [ 8 4 2 2 2 2 ] [ 11 3 1 1 1 1 1 1 ]
[ 4 4 2 2 2 2 2 2 ] [ 8 4 2 2 2 2 ] [ 12 2 1 1 1 1 1 1 ]
[ 4 4 2 2 2 2 2 2 ] [ 8 4 4 2 2 ] [ 11 2 1 1 1 1 1 1 1 ]
[ 4 4 2 2 2 2 2 2 ] [ 8 6 2 2 2 ] [ 11 2 1 1 1 1 1 1 1 ]
[ 4 4 2 2 2 2 2 2 ] [ 10 2 2 2 2 2 ] [ 11 2 2 1 1 1 1 1 ]
[ 4 4 2 2 2 2 2 2 ] [ 10 2 2 2 2 2 ] [ 11 3 1 1 1 1 1 1 ]
[ 4 4 2 2 2 2 2 2 ] [ 10 2 2 2 2 2 ] [ 12 2 1 1 1 1 1 1 ]
[ 4 4 2 2 2 2 2 2 ] [ 10 4 2 2 2 ] [ 11 2 1 1 1 1 1 1 1 ]
[ 4 4 2 2 2 2 2 2 ] [ 11 2 1 1 1 1 1 1 1 ] [ 12 2 2 2 2 ]
[ 4 4 4 2 2 2 2 ] [ 4 4 4 2 2 2 2 ] [ 11 2 2 1 1 1 1 1 ]
[ 4 4 4 2 2 2 2 ] [ 4 4 4 2 2 2 2 ] [ 11 3 1 1 1 1 1 1 ]
[ 4 4 4 2 2 2 2 ] [ 4 4 4 2 2 2 2 ] [ 12 2 1 1 1 1 1 1 ]
[ 4 4 4 2 2 2 2 ] [ 4 4 4 4 2 2 ] [ 11 2 1 1 1 1 1 1 1 ]
[ 4 4 4 2 2 2 2 ] [ 6 2 2 2 2 2 2 2 ] [ 11 2 2 2 1 1 1 ]
[ 4 4 4 2 2 2 2 ] [ 6 2 2 2 2 2 2 2 ] [ 11 3 2 1 1 1 1 ]
[ 4 4 4 2 2 2 2 ] [ 6 2 2 2 2 2 2 2 ] [ 11 4 1 1 1 1 1 ]
[ 4 4 4 2 2 2 2 ] [ 6 2 2 2 2 2 2 2 ] [ 12 2 2 1 1 1 1 ]
[ 4 4 4 2 2 2 2 ] [ 6 2 2 2 2 2 2 2 ] [ 12 3 1 1 1 1 1 ]
[ 4 4 4 2 2 2 2 ] [ 6 2 2 2 2 2 2 2 ] [ 13 2 1 1 1 1 1 ]
[ 4 4 4 2 2 2 2 ] [ 6 4 2 2 2 2 2 ] [ 11 2 2 1 1 1 1 1 ]
[ 4 4 4 2 2 2 2 ] [ 6 4 2 2 2 2 2 ] [ 11 3 1 1 1 1 1 1 ]
[ 4 4 4 2 2 2 2 ] [ 6 4 2 2 2 2 2 ] [ 12 2 1 1 1 1 1 1 ]
[ 4 4 4 2 2 2 2 ] [ 6 4 4 2 2 2 ] [ 11 2 1 1 1 1 1 1 1 ]
[ 4 4 4 2 2 2 2 ] [ 6 6 2 2 2 2 ] [ 11 2 1 1 1 1 1 1 1 ]
[ 4 4 4 2 2 2 2 ] [ 8 2 2 2 2 2 2 ] [ 11 2 2 1 1 1 1 1 ]
[ 4 4 4 2 2 2 2 ] [ 8 2 2 2 2 2 2 ] [ 11 3 1 1 1 1 1 1 ]
[ 4 4 4 2 2 2 2 ] [ 8 2 2 2 2 2 2 ] [ 12 2 1 1 1 1 1 1 ]
[ 4 4 4 2 2 2 2 ] [ 8 4 2 2 2 2 ] [ 11 2 1 1 1 1 1 1 1 ]
[ 4 4 4 2 2 2 2 ] [ 10 2 2 2 2 2 ] [ 11 2 1 1 1 1 1 1 1 ]
[ 4 4 4 4 2 2 ] [ 6 2 2 2 2 2 2 2 ] [ 11 2 2 1 1 1 1 1 ]
[ 4 4 4 4 2 2 ] [ 6 2 2 2 2 2 2 2 ] [ 11 3 1 1 1 1 1 1 ]
[ 4 4 4 4 2 2 ] [ 6 2 2 2 2 2 2 2 ] [ 12 2 1 1 1 1 1 1 ]
[ 4 4 4 4 2 2 ] [ 6 4 2 2 2 2 2 ] [ 11 2 1 1 1 1 1 1 1 ]
[ 4 4 4 4 2 2 ] [ 8 2 2 2 2 2 2 ] [ 11 2 1 1 1 1 1 1 1 ]
[ 4 4 4 4 3 1 ] [ 6 2 2 2 2 2 2 2 ] [ 6 2 2 2 2 2 2 2 ]
[ 4 4 4 4 4 ] [ 4 4 4 4 4 ] [ 6 2 2 2 1 1 1 1 1 1 1 1 ]
[ 4 4 4 4 4 ] [ 4 4 4 4 4 ] [ 6 3 2 1 1 1 1 1 1 1 1 1 ]
[ 4 4 4 4 4 ] [ 4 4 4 4 4 ] [ 6 4 1 1 1 1 1 1 1 1 1 1 ]
[ 4 4 4 4 4 ] [ 4 4 4 4 4 ] [ 7 2 2 1 1 1 1 1 1 1 1 1 ]
[ 4 4 4 4 4 ] [ 4 4 4 4 4 ] [ 7 3 1 1 1 1 1 1 1 1 1 1 ]
[ 4 4 4 4 4 ] [ 4 4 4 4 4 ] [ 8 2 1 1 1 1 1 1 1 1 1 1 ]
[ 4 4 4 4 4 ] [ 6 2 1 1 1 1 1 1 1 1 1 1 1 1 ] [ 8 8 4 ]
[ 4 4 4 4 4 ] [ 6 2 1 1 1 1 1 1 1 1 1 1 1 1 ] [ 12 4 4 ]
[ 4 4 4 4 4 ] [ 6 2 2 1 1 1 1 1 1 1 1 1 1 ] [ 8 4 4 4 ]
[ 4 4 4 4 4 ] [ 6 2 2 2 2 2 2 2 ] [ 11 2 1 1 1 1 1 1 1 ]
[ 4 4 4 4 4 ] [ 6 3 1 1 1 1 1 1 1 1 1 1 1 ] [ 8 4 4 4 ]
[ 4 4 4 4 4 ] [ 7 2 1 1 1 1 1 1 1 1 1 1 1 ] [ 8 4 4 4 ]
[ 5 2 1 1 1 1 1 1 1 1 1 1 1 1 1 ] [ 5 5 5 5 ] [ 10 5 5 ]
[ 5 2 2 1 1 1 1 1 1 1 1 1 1 1 ] [ 5 5 5 5 ] [ 5 5 5 5 ]
[ 5 3 1 1 1 1 1 1 1 1 1 1 1 1 ] [ 5 5 5 5 ] [ 5 5 5 5 ]
[ 5 3 3 3 3 3 ] [ 6 2 2 2 2 2 2 2 ] [ 6 2 2 2 2 2 2 2 ]
[ 5 5 5 5 ] [ 5 5 5 5 ] [ 6 2 1 1 1 1 1 1 1 1 1 1 1 1 ]
[ 6 2 1 1 1 1 1 1 1 1 1 1 1 1 ] [ 8 4 4 4 ] [ 8 4 4 4 ]
[ 6 2 2 2 2 2 2 2 ] [ 6 2 2 2 2 2 2 2 ] [ 6 3 3 3 3 2 ]
[ 6 2 2 2 2 2 2 2 ] [ 6 2 2 2 2 2 2 2 ] [ 6 6 5 1 1 1 ]
[ 6 2 2 2 2 2 2 2 ] [ 6 2 2 2 2 2 2 2 ] [ 7 5 2 2 2 2 ]
[ 6 2 2 2 2 2 2 2 ] [ 6 2 2 2 2 2 2 2 ] [ 9 3 2 2 2 2 ]
[ 6 2 2 2 2 2 2 2 ] [ 6 2 2 2 2 2 2 2 ] [ 11 2 2 2 2 1 ]
[ 6 2 2 2 2 2 2 2 ] [ 6 2 2 2 2 2 2 2 ] [ 11 3 2 2 1 1 ]
[ 6 2 2 2 2 2 2 2 ] [ 6 2 2 2 2 2 2 2 ] [ 11 3 3 1 1 1 ]
[ 6 2 2 2 2 2 2 2 ] [ 6 2 2 2 2 2 2 2 ] [ 11 4 2 1 1 1 ]
[ 6 2 2 2 2 2 2 2 ] [ 6 2 2 2 2 2 2 2 ] [ 11 5 1 1 1 1 ]
[ 6 2 2 2 2 2 2 2 ] [ 6 2 2 2 2 2 2 2 ] [ 12 2 2 2 1 1 ]
[ 6 2 2 2 2 2 2 2 ] [ 6 2 2 2 2 2 2 2 ] [ 12 3 2 1 1 1 ]
[ 6 2 2 2 2 2 2 2 ] [ 6 2 2 2 2 2 2 2 ] [ 12 4 1 1 1 1 ]
[ 6 2 2 2 2 2 2 2 ] [ 6 2 2 2 2 2 2 2 ] [ 13 2 2 1 1 1 ]
[ 6 2 2 2 2 2 2 2 ] [ 6 2 2 2 2 2 2 2 ] [ 13 3 1 1 1 1 ]
[ 6 2 2 2 2 2 2 2 ] [ 6 2 2 2 2 2 2 2 ] [ 14 2 1 1 1 1 ]
[ 6 2 2 2 2 2 2 2 ] [ 6 4 2 2 2 2 2 ] [ 11 2 2 2 1 1 1 ]
[ 6 2 2 2 2 2 2 2 ] [ 6 4 2 2 2 2 2 ] [ 11 3 2 1 1 1 1 ]
[ 6 2 2 2 2 2 2 2 ] [ 6 4 2 2 2 2 2 ] [ 11 4 1 1 1 1 1 ]
[ 6 2 2 2 2 2 2 2 ] [ 6 4 2 2 2 2 2 ] [ 12 2 2 1 1 1 1 ]
[ 6 2 2 2 2 2 2 2 ] [ 6 4 2 2 2 2 2 ] [ 12 3 1 1 1 1 1 ]
[ 6 2 2 2 2 2 2 2 ] [ 6 4 2 2 2 2 2 ] [ 13 2 1 1 1 1 1 ]
[ 6 2 2 2 2 2 2 2 ] [ 6 4 4 2 2 2 ] [ 11 2 2 1 1 1 1 1 ]
[ 6 2 2 2 2 2 2 2 ] [ 6 4 4 2 2 2 ] [ 11 3 1 1 1 1 1 1 ]
[ 6 2 2 2 2 2 2 2 ] [ 6 4 4 2 2 2 ] [ 12 2 1 1 1 1 1 1 ]
[ 6 2 2 2 2 2 2 2 ] [ 6 4 4 4 2 ] [ 11 2 1 1 1 1 1 1 1 ]
[ 6 2 2 2 2 2 2 2 ] [ 6 6 2 2 2 2 ] [ 11 2 2 1 1 1 1 1 ]
[ 6 2 2 2 2 2 2 2 ] [ 6 6 2 2 2 2 ] [ 11 3 1 1 1 1 1 1 ]
[ 6 2 2 2 2 2 2 2 ] [ 6 6 2 2 2 2 ] [ 12 2 1 1 1 1 1 1 ]
[ 6 2 2 2 2 2 2 2 ] [ 6 6 4 2 2 ] [ 11 2 1 1 1 1 1 1 1 ]
[ 6 2 2 2 2 2 2 2 ] [ 8 2 2 2 2 2 2 ] [ 11 2 2 2 1 1 1 ]
[ 6 2 2 2 2 2 2 2 ] [ 8 2 2 2 2 2 2 ] [ 11 3 2 1 1 1 1 ]
[ 6 2 2 2 2 2 2 2 ] [ 8 2 2 2 2 2 2 ] [ 11 4 1 1 1 1 1 ]
[ 6 2 2 2 2 2 2 2 ] [ 8 2 2 2 2 2 2 ] [ 12 2 2 1 1 1 1 ]
[ 6 2 2 2 2 2 2 2 ] [ 8 2 2 2 2 2 2 ] [ 12 3 1 1 1 1 1 ]
[ 6 2 2 2 2 2 2 2 ] [ 8 2 2 2 2 2 2 ] [ 13 2 1 1 1 1 1 ]
[ 6 2 2 2 2 2 2 2 ] [ 8 4 2 2 2 2 ] [ 11 2 2 1 1 1 1 1 ]
[ 6 2 2 2 2 2 2 2 ] [ 8 4 2 2 2 2 ] [ 11 3 1 1 1 1 1 1 ]
[ 6 2 2 2 2 2 2 2 ] [ 8 4 2 2 2 2 ] [ 12 2 1 1 1 1 1 1 ]
[ 6 2 2 2 2 2 2 2 ] [ 8 4 4 2 2 ] [ 11 2 1 1 1 1 1 1 1 ]
[ 6 2 2 2 2 2 2 2 ] [ 8 6 2 2 2 ] [ 11 2 1 1 1 1 1 1 1 ]
[ 6 2 2 2 2 2 2 2 ] [ 10 2 2 2 2 2 ] [ 11 2 2 1 1 1 1 1 ]
[ 6 2 2 2 2 2 2 2 ] [ 10 2 2 2 2 2 ] [ 11 3 1 1 1 1 1 1 ]
[ 6 2 2 2 2 2 2 2 ] [ 10 2 2 2 2 2 ] [ 12 2 1 1 1 1 1 1 ]
[ 6 2 2 2 2 2 2 2 ] [ 10 4 2 2 2 ] [ 11 2 1 1 1 1 1 1 1 ]
[ 6 2 2 2 2 2 2 2 ] [ 11 2 1 1 1 1 1 1 1 ] [ 12 2 2 2 2 ]
[ 6 4 2 2 2 2 2 ] [ 6 4 2 2 2 2 2 ] [ 11 2 2 1 1 1 1 1 ]
[ 6 4 2 2 2 2 2 ] [ 6 4 2 2 2 2 2 ] [ 11 3 1 1 1 1 1 1 ]
[ 6 4 2 2 2 2 2 ] [ 6 4 2 2 2 2 2 ] [ 12 2 1 1 1 1 1 1 ]
[ 6 4 2 2 2 2 2 ] [ 6 4 4 2 2 2 ] [ 11 2 1 1 1 1 1 1 1 ]
[ 6 4 2 2 2 2 2 ] [ 6 6 2 2 2 2 ] [ 11 2 1 1 1 1 1 1 1 ]
[ 6 4 2 2 2 2 2 ] [ 8 2 2 2 2 2 2 ] [ 11 2 2 1 1 1 1 1 ]
[ 6 4 2 2 2 2 2 ] [ 8 2 2 2 2 2 2 ] [ 11 3 1 1 1 1 1 1 ]
[ 6 4 2 2 2 2 2 ] [ 8 2 2 2 2 2 2 ] [ 12 2 1 1 1 1 1 1 ]
[ 6 4 2 2 2 2 2 ] [ 8 4 2 2 2 2 ] [ 11 2 1 1 1 1 1 1 1 ]
[ 6 4 2 2 2 2 2 ] [ 10 2 2 2 2 2 ] [ 11 2 1 1 1 1 1 1 1 ]
[ 6 4 4 2 2 2 ] [ 8 2 2 2 2 2 2 ] [ 11 2 1 1 1 1 1 1 1 ]
[ 6 6 2 2 2 2 ] [ 8 2 2 2 2 2 2 ] [ 11 2 1 1 1 1 1 1 1 ]
[ 8 2 2 2 2 2 2 ] [ 8 2 2 2 2 2 2 ] [ 11 2 2 1 1 1 1 1 ]
[ 8 2 2 2 2 2 2 ] [ 8 2 2 2 2 2 2 ] [ 11 3 1 1 1 1 1 1 ]
[ 8 2 2 2 2 2 2 ] [ 8 2 2 2 2 2 2 ] [ 12 2 1 1 1 1 1 1 ]
[ 8 2 2 2 2 2 2 ] [ 8 4 2 2 2 2 ] [ 11 2 1 1 1 1 1 1 1 ]
[ 8 2 2 2 2 2 2 ] [ 10 2 2 2 2 2 ] [ 11 2 1 1 1 1 1 1 1 ]

=== Type 3 === (Count: 73)
[ 2 2 2 2 2 2 2 2 2 2 ] [ 3 2 2 2 2 2 2 2 2 1 ] [ 10 10 ]
[ 2 2 2 2 2 2 2 2 2 2 ] [ 3 3 2 2 2 2 2 2 2 ] [ 10 5 5 ]
[ 2 2 2 2 2 2 2 2 2 2 ] [ 3 3 2 2 2 2 2 2 2 ] [ 10 6 4 ]
[ 2 2 2 2 2 2 2 2 2 2 ] [ 3 3 2 2 2 2 2 2 2 ] [ 10 7 3 ]
[ 2 2 2 2 2 2 2 2 2 2 ] [ 3 3 2 2 2 2 2 2 2 ] [ 10 8 2 ]
[ 2 2 2 2 2 2 2 2 2 2 ] [ 3 3 2 2 2 2 2 2 2 ] [ 10 9 1 ]
[ 2 2 2 2 2 2 2 2 2 2 ] [ 3 3 3 3 3 2 2 1 ] [ 5 5 5 5 ]
[ 2 2 2 2 2 2 2 2 2 2 ] [ 3 3 3 3 3 3 1 1 ] [ 6 6 6 2 ]
[ 2 2 2 2 2 2 2 2 2 2 ] [ 3 3 3 3 3 3 1 1 ] [ 8 4 4 4 ]
[ 2 2 2 2 2 2 2 2 2 2 ] [ 3 3 3 3 3 3 1 1 ] [ 8 6 3 3 ]
[ 2 2 2 2 2 2 2 2 2 2 ] [ 3 3 3 3 3 3 1 1 ] [ 9 7 2 2 ]
[ 2 2 2 2 2 2 2 2 2 2 ] [ 3 3 3 3 3 3 1 1 ] [ 11 3 3 3 ]
[ 2 2 2 2 2 2 2 2 2 2 ] [ 3 3 3 3 3 3 2 ] [ 5 5 5 3 2 ]
[ 2 2 2 2 2 2 2 2 2 2 ] [ 3 3 3 3 3 3 2 ] [ 5 5 5 4 1 ]
[ 2 2 2 2 2 2 2 2 2 2 ] [ 3 3 3 3 3 3 2 ] [ 6 4 4 3 3 ]
[ 2 2 2 2 2 2 2 2 2 2 ] [ 3 3 3 3 3 3 2 ] [ 6 5 4 4 1 ]
[ 2 2 2 2 2 2 2 2 2 2 ] [ 3 3 3 3 3 3 2 ] [ 6 6 6 1 1 ]
[ 2 2 2 2 2 2 2 2 2 2 ] [ 3 3 3 3 3 3 2 ] [ 7 4 3 3 3 ]
[ 2 2 2 2 2 2 2 2 2 2 ] [ 3 3 3 3 3 3 2 ] [ 7 5 3 3 2 ]
[ 2 2 2 2 2 2 2 2 2 2 ] [ 3 3 3 3 3 3 2 ] [ 7 6 3 3 1 ]
[ 2 2 2 2 2 2 2 2 2 2 ] [ 3 3 3 3 3 3 2 ] [ 8 3 3 3 3 ]
[ 2 2 2 2 2 2 2 2 2 2 ] [ 3 3 3 3 3 3 2 ] [ 8 5 3 2 2 ]
[ 2 2 2 2 2 2 2 2 2 2 ] [ 3 3 3 3 3 3 2 ] [ 9 5 4 1 1 ]
[ 2 2 2 2 2 2 2 2 2 2 ] [ 3 3 3 3 3 3 2 ] [ 10 3 3 3 1 ]
[ 2 2 2 2 2 2 2 2 2 2 ] [ 4 3 3 2 2 2 2 2 ] [ 5 5 5 5 ]
[ 2 2 2 2 2 2 2 2 2 2 ] [ 4 3 3 3 3 3 1 ] [ 4 4 4 4 4 ]
[ 2 2 2 2 2 2 2 2 2 2 ] [ 4 3 3 3 3 3 1 ] [ 7 7 2 2 2 ]
[ 2 2 2 2 2 2 2 2 2 2 ] [ 4 3 3 3 3 3 1 ] [ 8 3 3 3 3 ]
[ 2 2 2 2 2 2 2 2 2 2 ] [ 4 4 3 3 3 3 ] [ 4 4 4 4 3 1 ]
[ 2 2 2 2 2 2 2 2 2 2 ] [ 4 4 3 3 3 3 ] [ 5 3 3 3 3 3 ]
[ 2 2 2 2 2 2 2 2 2 2 ] [ 4 4 3 3 3 3 ] [ 6 3 3 3 3 2 ]
[ 2 2 2 2 2 2 2 2 2 2 ] [ 4 4 3 3 3 3 ] [ 7 5 2 2 2 2 ]
[ 2 2 2 2 2 2 2 2 2 2 ] [ 4 4 4 4 4 ] [ 5 3 3 3 2 2 2 ]
[ 2 2 2 2 2 2 2 2 2 2 ] [ 4 4 4 4 4 ] [ 6 3 3 3 3 1 1 ]
[ 2 2 2 2 2 2 2 2 2 2 ] [ 4 4 4 4 4 ] [ 6 6 2 2 2 1 1 ]
[ 2 2 2 2 2 2 2 2 2 2 ] [ 4 4 4 4 4 ] [ 6 6 4 1 1 1 1 ]
[ 2 2 2 2 2 2 2 2 2 2 ] [ 4 4 4 4 4 ] [ 7 3 2 2 2 2 2 ]
[ 2 2 2 2 2 2 2 2 2 2 ] [ 4 4 4 4 4 ] [ 7 4 2 2 2 2 1 ]
[ 2 2 2 2 2 2 2 2 2 2 ] [ 4 4 4 4 4 ] [ 9 2 2 2 2 2 1 ]
[ 2 2 2 2 2 2 2 2 2 2 ] [ 5 2 2 2 2 2 2 2 1 ] [ 10 5 5 ]
[ 2 2 2 2 2 2 2 2 2 2 ] [ 5 3 2 2 2 2 2 2 ] [ 5 5 5 5 ]
[ 2 2 2 2 2 2 2 2 2 2 ] [ 5 3 2 2 2 2 2 2 ] [ 6 6 4 4 ]
[ 2 2 2 2 2 2 2 2 2 2 ] [ 5 3 2 2 2 2 2 2 ] [ 7 7 3 3 ]
[ 2 2 2 2 2 2 2 2 2 2 ] [ 5 3 2 2 2 2 2 2 ] [ 8 8 2 2 ]
[ 2 2 2 2 2 2 2 2 2 2 ] [ 5 3 2 2 2 2 2 2 ] [ 9 9 1 1 ]
[ 2 2 2 2 2 2 2 2 2 2 ] [ 5 3 3 3 3 3 ] [ 5 5 3 3 2 2 ]
[ 2 2 2 2 2 2 2 2 2 2 ] [ 5 3 3 3 3 3 ] [ 5 5 4 4 1 1 ]
[ 2 2 2 2 2 2 2 2 2 2 ] [ 5 3 3 3 3 3 ] [ 7 3 3 3 3 1 ]
[ 2 2 2 2 2 2 2 2 2 2 ] [ 5 4 2 2 2 2 2 1 ] [ 5 5 5 5 ]
[ 2 2 2 2 2 2 2 2 2 2 ] [ 5 5 2 2 2 2 2 ] [ 5 5 5 3 2 ]
[ 2 2 2 2 2 2 2 2 2 2 ] [ 5 5 2 2 2 2 2 ] [ 5 5 5 4 1 ]
[ 2 2 2 2 2 2 2 2 2 2 ] [ 5 5 2 2 2 2 2 ] [ 6 4 4 4 2 ]
[ 2 2 2 2 2 2 2 2 2 2 ] [ 5 5 2 2 2 2 2 ] [ 7 4 3 3 3 ]
[ 2 2 2 2 2 2 2 2 2 2 ] [ 5 5 2 2 2 2 2 ] [ 8 6 2 2 2 ]
[ 2 2 2 2 2 2 2 2 2 2 ] [ 5 5 2 2 2 2 2 ] [ 9 8 1 1 1 ]
[ 2 2 2 2 2 2 2 2 2 2 ] [ 5 5 5 1 1 1 1 1 ] [ 5 5 5 5 ]
[ 2 2 2 2 2 2 2 2 2 2 ] [ 5 5 5 5 ] [ 6 2 2 2 2 2 2 2 ]
[ 2 2 2 2 2 2 2 2 2 2 ] [ 5 5 5 5 ] [ 7 2 2 2 2 2 2 1 ]
[ 2 2 2 2 2 2 2 2 2 2 ] [ 6 3 3 3 3 1 1 ] [ 8 3 3 3 3 ]
[ 2 2 2 2 2 2 2 2 2 2 ] [ 6 3 3 3 3 2 ] [ 7 3 3 3 3 1 ]
[ 2 2 2 2 2 2 2 2 2 2 ] [ 6 6 1 1 1 1 1 1 1 1 ] [ 11 9 ]
[ 2 2 2 2 2 2 2 2 2 2 ] [ 7 2 2 2 2 2 2 1 ] [ 8 4 4 4 ]
[ 2 2 2 2 2 2 2 2 2 2 ] [ 7 5 2 2 2 2 ] [ 8 8 1 1 1 1 ]
[ 2 2 2 2 2 2 2 2 2 2 ] [ 7 6 1 1 1 1 1 1 1 ] [ 9 9 2 ]
[ 2 2 2 2 2 2 2 2 2 2 ] [ 7 7 1 1 1 1 1 1 ] [ 9 7 2 2 ]
[ 2 2 2 2 2 2 2 2 2 2 ] [ 7 7 2 2 2 ] [ 8 7 1 1 1 1 1 ]
[ 3 3 2 2 2 2 2 2 2 ] [ 4 2 2 2 2 2 2 2 2 ] [ 5 5 5 5 ]
[ 3 3 3 3 3 3 1 1 ] [ 4 2 2 2 2 2 2 2 2 ] [ 4 4 4 4 4 ]
[ 3 3 3 3 3 3 1 1 ] [ 4 2 2 2 2 2 2 2 2 ] [ 8 3 3 3 3 ]
[ 3 3 3 3 3 3 2 ] [ 4 2 2 2 2 2 2 2 2 ] [ 4 4 3 3 3 3 ]
[ 3 3 3 3 3 3 2 ] [ 4 2 2 2 2 2 2 2 2 ] [ 7 3 3 3 3 1 ]
[ 4 2 2 2 2 2 2 2 2 ] [ 4 4 4 4 4 ] [ 7 2 2 2 2 2 2 1 ]
[ 4 2 2 2 2 2 2 2 2 ] [ 5 2 2 2 2 2 2 2 1 ] [ 5 5 5 5 ]

=== End of Results ===
