=== Classification Results (d=27) ===

=== Type 0 === (Count: 1)
[ 3 3 3 3 3 3 3 3 3 ] [ 3 3 3 3 3 3 3 3 3 ] [ 4 3 3 3 3 3 3 3 2 ]

=== Type 1 === (Count: 107)
[ 3 3 3 3 3 3 3 3 3 ] [ 3 3 3 3 3 3 3 3 3 ] [ 17 1 1 1 1 1 1 1 1 1 1 ]
[ 3 3 3 3 3 3 3 3 3 ] [ 6 3 3 3 3 3 3 3 ] [ 16 1 1 1 1 1 1 1 1 1 1 1 ]
[ 3 3 3 3 3 3 3 3 3 ] [ 6 6 3 3 3 3 3 ] [ 15 1 1 1 1 1 1 1 1 1 1 1 1 ]
[ 3 3 3 3 3 3 3 3 3 ] [ 6 6 6 3 3 3 ] [ 14 1 1 1 1 1 1 1 1 1 1 1 1 1 ]
[ 3 3 3 3 3 3 3 3 3 ] [ 6 6 6 6 3 ] [ 13 1 1 1 1 1 1 1 1 1 1 1 1 1 1 ]
[ 3 3 3 3 3 3 3 3 3 ] [ 9 3 3 3 3 3 3 ] [ 15 1 1 1 1 1 1 1 1 1 1 1 1 ]
[ 3 3 3 3 3 3 3 3 3 ] [ 9 6 3 3 3 3 ] [ 14 1 1 1 1 1 1 1 1 1 1 1 1 1 ]
[ 3 3 3 3 3 3 3 3 3 ] [ 9 6 6 3 3 ] [ 13 1 1 1 1 1 1 1 1 1 1 1 1 1 1 ]
[ 3 3 3 3 3 3 3 3 3 ] [ 9 6 6 6 ] [ 12 1 1 1 1 1 1 1 1 1 1 1 1 1 1 1 ]
[ 3 3 3 3 3 3 3 3 3 ] [ 9 9 3 3 3 ] [ 13 1 1 1 1 1 1 1 1 1 1 1 1 1 1 ]
[ 3 3 3 3 3 3 3 3 3 ] [ 9 9 6 3 ] [ 12 1 1 1 1 1 1 1 1 1 1 1 1 1 1 1 ]
[ 3 3 3 3 3 3 3 3 3 ] [ 9 9 9 ] [ 11 1 1 1 1 1 1 1 1 1 1 1 1 1 1 1 1 ]
[ 3 3 3 3 3 3 3 3 3 ] [ 10 1 1 1 1 1 1 1 1 1 1 1 1 1 1 1 1 1 ] [ 15 12 ]
[ 3 3 3 3 3 3 3 3 3 ] [ 10 1 1 1 1 1 1 1 1 1 1 1 1 1 1 1 1 1 ] [ 18 9 ]
[ 3 3 3 3 3 3 3 3 3 ] [ 10 1 1 1 1 1 1 1 1 1 1 1 1 1 1 1 1 1 ] [ 21 6 ]
[ 3 3 3 3 3 3 3 3 3 ] [ 10 1 1 1 1 1 1 1 1 1 1 1 1 1 1 1 1 1 ] [ 24 3 ]
[ 3 3 3 3 3 3 3 3 3 ] [ 11 1 1 1 1 1 1 1 1 1 1 1 1 1 1 1 1 ] [ 12 9 6 ]
[ 3 3 3 3 3 3 3 3 3 ] [ 11 1 1 1 1 1 1 1 1 1 1 1 1 1 1 1 1 ] [ 12 12 3 ]
[ 3 3 3 3 3 3 3 3 3 ] [ 11 1 1 1 1 1 1 1 1 1 1 1 1 1 1 1 1 ] [ 15 6 6 ]
[ 3 3 3 3 3 3 3 3 3 ] [ 11 1 1 1 1 1 1 1 1 1 1 1 1 1 1 1 1 ] [ 15 9 3 ]
[ 3 3 3 3 3 3 3 3 3 ] [ 11 1 1 1 1 1 1 1 1 1 1 1 1 1 1 1 1 ] [ 18 6 3 ]
[ 3 3 3 3 3 3 3 3 3 ] [ 11 1 1 1 1 1 1 1 1 1 1 1 1 1 1 1 1 ] [ 21 3 3 ]
[ 3 3 3 3 3 3 3 3 3 ] [ 12 1 1 1 1 1 1 1 1 1 1 1 1 1 1 1 ] [ 12 6 6 3 ]
[ 3 3 3 3 3 3 3 3 3 ] [ 12 1 1 1 1 1 1 1 1 1 1 1 1 1 1 1 ] [ 12 9 3 3 ]
[ 3 3 3 3 3 3 3 3 3 ] [ 12 1 1 1 1 1 1 1 1 1 1 1 1 1 1 1 ] [ 15 6 3 3 ]
[ 3 3 3 3 3 3 3 3 3 ] [ 12 1 1 1 1 1 1 1 1 1 1 1 1 1 1 1 ] [ 18 3 3 3 ]
[ 3 3 3 3 3 3 3 3 3 ] [ 12 3 3 3 3 3 ] [ 14 1 1 1 1 1 1 1 1 1 1 1 1 1 ]
[ 3 3 3 3 3 3 3 3 3 ] [ 12 6 3 3 3 ] [ 13 1 1 1 1 1 1 1 1 1 1 1 1 1 1 ]
[ 3 3 3 3 3 3 3 3 3 ] [ 13 1 1 1 1 1 1 1 1 1 1 1 1 1 1 ] [ 15 3 3 3 3 ]
[ 4 1 1 1 1 1 1 1 1 1 1 1 1 1 1 1 1 1 1 1 1 1 1 1 ] [ 9 9 9 ] [ 18 9 ]
[ 5 1 1 1 1 1 1 1 1 1 1 1 1 1 1 1 1 1 1 1 1 1 1 ] [ 9 9 9 ] [ 9 9 9 ]
[ 6 3 3 3 3 3 3 3 ] [ 6 3 3 3 3 3 3 3 ] [ 15 1 1 1 1 1 1 1 1 1 1 1 1 ]
[ 6 3 3 3 3 3 3 3 ] [ 6 6 3 3 3 3 3 ] [ 14 1 1 1 1 1 1 1 1 1 1 1 1 1 ]
[ 6 3 3 3 3 3 3 3 ] [ 6 6 6 3 3 3 ] [ 13 1 1 1 1 1 1 1 1 1 1 1 1 1 1 ]
[ 6 3 3 3 3 3 3 3 ] [ 6 6 6 6 3 ] [ 12 1 1 1 1 1 1 1 1 1 1 1 1 1 1 1 ]
[ 6 3 3 3 3 3 3 3 ] [ 9 3 3 3 3 3 3 ] [ 14 1 1 1 1 1 1 1 1 1 1 1 1 1 ]
[ 6 3 3 3 3 3 3 3 ] [ 9 6 3 3 3 3 ] [ 13 1 1 1 1 1 1 1 1 1 1 1 1 1 1 ]
[ 6 3 3 3 3 3 3 3 ] [ 9 6 6 3 3 ] [ 12 1 1 1 1 1 1 1 1 1 1 1 1 1 1 1 ]
[ 6 3 3 3 3 3 3 3 ] [ 9 6 6 6 ] [ 11 1 1 1 1 1 1 1 1 1 1 1 1 1 1 1 1 ]
[ 6 3 3 3 3 3 3 3 ] [ 9 9 3 3 3 ] [ 12 1 1 1 1 1 1 1 1 1 1 1 1 1 1 1 ]
[ 6 3 3 3 3 3 3 3 ] [ 9 9 6 3 ] [ 11 1 1 1 1 1 1 1 1 1 1 1 1 1 1 1 1 ]
[ 6 3 3 3 3 3 3 3 ] [ 9 9 9 ] [ 10 1 1 1 1 1 1 1 1 1 1 1 1 1 1 1 1 1 ]
[ 6 3 3 3 3 3 3 3 ] [ 10 1 1 1 1 1 1 1 1 1 1 1 1 1 1 1 1 1 ] [ 12 9 6 ]
[ 6 3 3 3 3 3 3 3 ] [ 10 1 1 1 1 1 1 1 1 1 1 1 1 1 1 1 1 1 ] [ 12 12 3 ]
[ 6 3 3 3 3 3 3 3 ] [ 10 1 1 1 1 1 1 1 1 1 1 1 1 1 1 1 1 1 ] [ 15 6 6 ]
[ 6 3 3 3 3 3 3 3 ] [ 10 1 1 1 1 1 1 1 1 1 1 1 1 1 1 1 1 1 ] [ 15 9 3 ]
[ 6 3 3 3 3 3 3 3 ] [ 10 1 1 1 1 1 1 1 1 1 1 1 1 1 1 1 1 1 ] [ 18 6 3 ]
[ 6 3 3 3 3 3 3 3 ] [ 10 1 1 1 1 1 1 1 1 1 1 1 1 1 1 1 1 1 ] [ 21 3 3 ]
[ 6 3 3 3 3 3 3 3 ] [ 11 1 1 1 1 1 1 1 1 1 1 1 1 1 1 1 1 ] [ 12 6 6 3 ]
[ 6 3 3 3 3 3 3 3 ] [ 11 1 1 1 1 1 1 1 1 1 1 1 1 1 1 1 1 ] [ 12 9 3 3 ]
[ 6 3 3 3 3 3 3 3 ] [ 11 1 1 1 1 1 1 1 1 1 1 1 1 1 1 1 1 ] [ 15 6 3 3 ]
[ 6 3 3 3 3 3 3 3 ] [ 11 1 1 1 1 1 1 1 1 1 1 1 1 1 1 1 1 ] [ 18 3 3 3 ]
[ 6 3 3 3 3 3 3 3 ] [ 12 1 1 1 1 1 1 1 1 1 1 1 1 1 1 1 ] [ 12 6 3 3 3 ]
[ 6 3 3 3 3 3 3 3 ] [ 12 1 1 1 1 1 1 1 1 1 1 1 1 1 1 1 ] [ 15 3 3 3 3 ]
[ 6 3 3 3 3 3 3 3 ] [ 12 3 3 3 3 3 ] [ 13 1 1 1 1 1 1 1 1 1 1 1 1 1 1 ]
[ 6 6 3 3 3 3 3 ] [ 6 6 3 3 3 3 3 ] [ 13 1 1 1 1 1 1 1 1 1 1 1 1 1 1 ]
[ 6 6 3 3 3 3 3 ] [ 6 6 6 3 3 3 ] [ 12 1 1 1 1 1 1 1 1 1 1 1 1 1 1 1 ]
[ 6 6 3 3 3 3 3 ] [ 6 6 6 6 3 ] [ 11 1 1 1 1 1 1 1 1 1 1 1 1 1 1 1 1 ]
[ 6 6 3 3 3 3 3 ] [ 9 3 3 3 3 3 3 ] [ 13 1 1 1 1 1 1 1 1 1 1 1 1 1 1 ]
[ 6 6 3 3 3 3 3 ] [ 9 6 3 3 3 3 ] [ 12 1 1 1 1 1 1 1 1 1 1 1 1 1 1 1 ]
[ 6 6 3 3 3 3 3 ] [ 9 6 6 3 3 ] [ 11 1 1 1 1 1 1 1 1 1 1 1 1 1 1 1 1 ]
[ 6 6 3 3 3 3 3 ] [ 9 6 6 6 ] [ 10 1 1 1 1 1 1 1 1 1 1 1 1 1 1 1 1 1 ]
[ 6 6 3 3 3 3 3 ] [ 9 9 3 3 3 ] [ 11 1 1 1 1 1 1 1 1 1 1 1 1 1 1 1 1 ]
[ 6 6 3 3 3 3 3 ] [ 9 9 6 3 ] [ 10 1 1 1 1 1 1 1 1 1 1 1 1 1 1 1 1 1 ]
[ 6 6 3 3 3 3 3 ] [ 10 1 1 1 1 1 1 1 1 1 1 1 1 1 1 1 1 1 ] [ 12 6 6 3 ]
[ 6 6 3 3 3 3 3 ] [ 10 1 1 1 1 1 1 1 1 1 1 1 1 1 1 1 1 1 ] [ 12 9 3 3 ]
[ 6 6 3 3 3 3 3 ] [ 10 1 1 1 1 1 1 1 1 1 1 1 1 1 1 1 1 1 ] [ 15 6 3 3 ]
[ 6 6 3 3 3 3 3 ] [ 10 1 1 1 1 1 1 1 1 1 1 1 1 1 1 1 1 1 ] [ 18 3 3 3 ]
[ 6 6 3 3 3 3 3 ] [ 11 1 1 1 1 1 1 1 1 1 1 1 1 1 1 1 1 ] [ 12 6 3 3 3 ]
[ 6 6 3 3 3 3 3 ] [ 11 1 1 1 1 1 1 1 1 1 1 1 1 1 1 1 1 ] [ 15 3 3 3 3 ]
[ 6 6 3 3 3 3 3 ] [ 12 1 1 1 1 1 1 1 1 1 1 1 1 1 1 1 ] [ 12 3 3 3 3 3 ]
[ 6 6 6 3 3 3 ] [ 6 6 6 3 3 3 ] [ 11 1 1 1 1 1 1 1 1 1 1 1 1 1 1 1 1 ]
[ 6 6 6 3 3 3 ] [ 6 6 6 6 3 ] [ 10 1 1 1 1 1 1 1 1 1 1 1 1 1 1 1 1 1 ]
[ 6 6 6 3 3 3 ] [ 9 3 3 3 3 3 3 ] [ 12 1 1 1 1 1 1 1 1 1 1 1 1 1 1 1 ]
[ 6 6 6 3 3 3 ] [ 9 6 3 3 3 3 ] [ 11 1 1 1 1 1 1 1 1 1 1 1 1 1 1 1 1 ]
[ 6 6 6 3 3 3 ] [ 9 6 6 3 3 ] [ 10 1 1 1 1 1 1 1 1 1 1 1 1 1 1 1 1 1 ]
[ 6 6 6 3 3 3 ] [ 9 9 3 3 3 ] [ 10 1 1 1 1 1 1 1 1 1 1 1 1 1 1 1 1 1 ]
[ 6 6 6 3 3 3 ] [ 10 1 1 1 1 1 1 1 1 1 1 1 1 1 1 1 1 1 ] [ 12 6 3 3 3 ]
[ 6 6 6 3 3 3 ] [ 10 1 1 1 1 1 1 1 1 1 1 1 1 1 1 1 1 1 ] [ 15 3 3 3 3 ]
[ 6 6 6 3 3 3 ] [ 11 1 1 1 1 1 1 1 1 1 1 1 1 1 1 1 1 ] [ 12 3 3 3 3 3 ]
[ 6 6 6 6 3 ] [ 9 3 3 3 3 3 3 ] [ 11 1 1 1 1 1 1 1 1 1 1 1 1 1 1 1 1 ]
[ 6 6 6 6 3 ] [ 9 6 3 3 3 3 ] [ 10 1 1 1 1 1 1 1 1 1 1 1 1 1 1 1 1 1 ]
[ 6 6 6 6 3 ] [ 10 1 1 1 1 1 1 1 1 1 1 1 1 1 1 1 1 1 ] [ 12 3 3 3 3 3 ]
[ 9 3 3 3 3 3 3 ] [ 9 3 3 3 3 3 3 ] [ 13 1 1 1 1 1 1 1 1 1 1 1 1 1 1 ]
[ 9 3 3 3 3 3 3 ] [ 9 6 3 3 3 3 ] [ 12 1 1 1 1 1 1 1 1 1 1 1 1 1 1 1 ]
[ 9 3 3 3 3 3 3 ] [ 9 6 6 3 3 ] [ 11 1 1 1 1 1 1 1 1 1 1 1 1 1 1 1 1 ]
[ 9 3 3 3 3 3 3 ] [ 9 6 6 6 ] [ 10 1 1 1 1 1 1 1 1 1 1 1 1 1 1 1 1 1 ]
[ 9 3 3 3 3 3 3 ] [ 9 9 3 3 3 ] [ 11 1 1 1 1 1 1 1 1 1 1 1 1 1 1 1 1 ]
[ 9 3 3 3 3 3 3 ] [ 9 9 6 3 ] [ 10 1 1 1 1 1 1 1 1 1 1 1 1 1 1 1 1 1 ]
[ 9 3 3 3 3 3 3 ] [ 10 1 1 1 1 1 1 1 1 1 1 1 1 1 1 1 1 1 ] [ 12 6 6 3 ]
[ 9 3 3 3 3 3 3 ] [ 10 1 1 1 1 1 1 1 1 1 1 1 1 1 1 1 1 1 ] [ 12 9 3 3 ]
[ 9 3 3 3 3 3 3 ] [ 10 1 1 1 1 1 1 1 1 1 1 1 1 1 1 1 1 1 ] [ 15 6 3 3 ]
[ 9 3 3 3 3 3 3 ] [ 10 1 1 1 1 1 1 1 1 1 1 1 1 1 1 1 1 1 ] [ 18 3 3 3 ]
[ 9 3 3 3 3 3 3 ] [ 11 1 1 1 1 1 1 1 1 1 1 1 1 1 1 1 1 ] [ 12 6 3 3 3 ]
[ 9 3 3 3 3 3 3 ] [ 11 1 1 1 1 1 1 1 1 1 1 1 1 1 1 1 1 ] [ 15 3 3 3 3 ]
[ 9 3 3 3 3 3 3 ] [ 12 1 1 1 1 1 1 1 1 1 1 1 1 1 1 1 ] [ 12 3 3 3 3 3 ]
[ 9 6 3 3 3 3 ] [ 9 6 3 3 3 3 ] [ 11 1 1 1 1 1 1 1 1 1 1 1 1 1 1 1 1 ]
[ 9 6 3 3 3 3 ] [ 9 6 6 3 3 ] [ 10 1 1 1 1 1 1 1 1 1 1 1 1 1 1 1 1 1 ]
[ 9 6 3 3 3 3 ] [ 9 9 3 3 3 ] [ 10 1 1 1 1 1 1 1 1 1 1 1 1 1 1 1 1 1 ]
[ 9 6 3 3 3 3 ] [ 10 1 1 1 1 1 1 1 1 1 1 1 1 1 1 1 1 1 ] [ 12 6 3 3 3 ]
[ 9 6 3 3 3 3 ] [ 10 1 1 1 1 1 1 1 1 1 1 1 1 1 1 1 1 1 ] [ 15 3 3 3 3 ]
[ 9 6 3 3 3 3 ] [ 11 1 1 1 1 1 1 1 1 1 1 1 1 1 1 1 1 ] [ 12 3 3 3 3 3 ]
[ 9 6 6 3 3 ] [ 10 1 1 1 1 1 1 1 1 1 1 1 1 1 1 1 1 1 ] [ 12 3 3 3 3 3 ]
[ 9 9 3 3 3 ] [ 10 1 1 1 1 1 1 1 1 1 1 1 1 1 1 1 1 1 ] [ 12 3 3 3 3 3 ]
[ 10 1 1 1 1 1 1 1 1 1 1 1 1 1 1 1 1 1 ] [ 12 3 3 3 3 3 ] [ 12 6 3 3 3 ]
[ 10 1 1 1 1 1 1 1 1 1 1 1 1 1 1 1 1 1 ] [ 12 3 3 3 3 3 ] [ 15 3 3 3 3 ]
[ 11 1 1 1 1 1 1 1 1 1 1 1 1 1 1 1 1 ] [ 12 3 3 3 3 3 ] [ 12 3 3 3 3 3 ]

=== Type 2 === (Count: 352)
[ 2 2 2 2 2 2 2 2 2 2 2 2 2 1 ] [ 3 3 3 3 3 3 3 3 3 ] [ 6 6 6 3 3 3 ]
[ 2 2 2 2 2 2 2 2 2 2 2 2 2 1 ] [ 3 3 3 3 3 3 3 3 3 ] [ 9 6 3 3 3 3 ]
[ 2 2 2 2 2 2 2 2 2 2 2 2 2 1 ] [ 3 3 3 3 3 3 3 3 3 ] [ 12 3 3 3 3 3 ]
[ 2 2 2 2 2 2 2 2 2 2 2 2 2 1 ] [ 6 3 3 3 3 3 3 3 ] [ 6 6 3 3 3 3 3 ]
[ 2 2 2 2 2 2 2 2 2 2 2 2 2 1 ] [ 6 3 3 3 3 3 3 3 ] [ 9 3 3 3 3 3 3 ]
[ 3 2 2 2 2 2 2 2 2 2 2 2 2 ] [ 3 3 3 3 3 3 3 3 3 ] [ 6 6 3 3 3 3 3 ]
[ 3 2 2 2 2 2 2 2 2 2 2 2 2 ] [ 3 3 3 3 3 3 3 3 3 ] [ 9 3 3 3 3 3 3 ]
[ 3 2 2 2 2 2 2 2 2 2 2 2 2 ] [ 6 3 3 3 3 3 3 3 ] [ 6 3 3 3 3 3 3 3 ]
[ 3 3 3 3 3 3 3 3 3 ] [ 3 3 3 3 3 3 3 3 3 ] [ 4 4 3 2 2 2 2 2 2 2 2 ]
[ 3 3 3 3 3 3 3 3 3 ] [ 3 3 3 3 3 3 3 3 3 ] [ 4 4 4 2 2 2 2 2 2 2 1 ]
[ 3 3 3 3 3 3 3 3 3 ] [ 3 3 3 3 3 3 3 3 3 ] [ 5 4 2 2 2 2 2 2 2 2 2 ]
[ 3 3 3 3 3 3 3 3 3 ] [ 3 3 3 3 3 3 3 3 3 ] [ 5 5 5 5 1 1 1 1 1 1 1 ]
[ 3 3 3 3 3 3 3 3 3 ] [ 3 3 3 3 3 3 3 3 3 ] [ 6 3 2 2 2 2 2 2 2 2 2 ]
[ 3 3 3 3 3 3 3 3 3 ] [ 3 3 3 3 3 3 3 3 3 ] [ 6 4 2 2 2 2 2 2 2 2 1 ]
[ 3 3 3 3 3 3 3 3 3 ] [ 3 3 3 3 3 3 3 3 3 ] [ 7 2 2 2 2 2 2 2 2 2 2 ]
[ 3 3 3 3 3 3 3 3 3 ] [ 3 3 3 3 3 3 3 3 3 ] [ 8 2 2 2 2 2 2 2 2 2 1 ]
[ 3 3 3 3 3 3 3 3 3 ] [ 3 3 3 3 3 3 3 3 3 ] [ 10 2 2 2 2 2 2 2 1 1 1 ]
[ 3 3 3 3 3 3 3 3 3 ] [ 3 3 3 3 3 3 3 3 3 ] [ 10 3 2 2 2 2 2 1 1 1 1 ]
[ 3 3 3 3 3 3 3 3 3 ] [ 3 3 3 3 3 3 3 3 3 ] [ 10 3 3 2 2 2 1 1 1 1 1 ]
[ 3 3 3 3 3 3 3 3 3 ] [ 3 3 3 3 3 3 3 3 3 ] [ 10 3 3 3 2 1 1 1 1 1 1 ]
[ 3 3 3 3 3 3 3 3 3 ] [ 3 3 3 3 3 3 3 3 3 ] [ 10 4 2 2 2 2 1 1 1 1 1 ]
[ 3 3 3 3 3 3 3 3 3 ] [ 3 3 3 3 3 3 3 3 3 ] [ 10 4 3 2 2 1 1 1 1 1 1 ]
[ 3 3 3 3 3 3 3 3 3 ] [ 3 3 3 3 3 3 3 3 3 ] [ 10 4 3 3 1 1 1 1 1 1 1 ]
[ 3 3 3 3 3 3 3 3 3 ] [ 3 3 3 3 3 3 3 3 3 ] [ 10 4 4 2 1 1 1 1 1 1 1 ]
[ 3 3 3 3 3 3 3 3 3 ] [ 3 3 3 3 3 3 3 3 3 ] [ 10 5 2 2 2 1 1 1 1 1 1 ]
[ 3 3 3 3 3 3 3 3 3 ] [ 3 3 3 3 3 3 3 3 3 ] [ 10 5 3 2 1 1 1 1 1 1 1 ]
[ 3 3 3 3 3 3 3 3 3 ] [ 3 3 3 3 3 3 3 3 3 ] [ 10 5 4 1 1 1 1 1 1 1 1 ]
[ 3 3 3 3 3 3 3 3 3 ] [ 3 3 3 3 3 3 3 3 3 ] [ 10 6 2 2 1 1 1 1 1 1 1 ]
[ 3 3 3 3 3 3 3 3 3 ] [ 3 3 3 3 3 3 3 3 3 ] [ 10 6 3 1 1 1 1 1 1 1 1 ]
[ 3 3 3 3 3 3 3 3 3 ] [ 3 3 3 3 3 3 3 3 3 ] [ 10 7 2 1 1 1 1 1 1 1 1 ]
[ 3 3 3 3 3 3 3 3 3 ] [ 3 3 3 3 3 3 3 3 3 ] [ 10 8 1 1 1 1 1 1 1 1 1 ]
[ 3 3 3 3 3 3 3 3 3 ] [ 3 3 3 3 3 3 3 3 3 ] [ 11 2 2 2 2 2 2 1 1 1 1 ]
[ 3 3 3 3 3 3 3 3 3 ] [ 3 3 3 3 3 3 3 3 3 ] [ 11 3 2 2 2 2 1 1 1 1 1 ]
[ 3 3 3 3 3 3 3 3 3 ] [ 3 3 3 3 3 3 3 3 3 ] [ 11 3 3 2 2 1 1 1 1 1 1 ]
[ 3 3 3 3 3 3 3 3 3 ] [ 3 3 3 3 3 3 3 3 3 ] [ 11 3 3 3 1 1 1 1 1 1 1 ]
[ 3 3 3 3 3 3 3 3 3 ] [ 3 3 3 3 3 3 3 3 3 ] [ 11 4 2 2 2 1 1 1 1 1 1 ]
[ 3 3 3 3 3 3 3 3 3 ] [ 3 3 3 3 3 3 3 3 3 ] [ 11 4 3 2 1 1 1 1 1 1 1 ]
[ 3 3 3 3 3 3 3 3 3 ] [ 3 3 3 3 3 3 3 3 3 ] [ 11 4 4 1 1 1 1 1 1 1 1 ]
[ 3 3 3 3 3 3 3 3 3 ] [ 3 3 3 3 3 3 3 3 3 ] [ 11 5 2 2 1 1 1 1 1 1 1 ]
[ 3 3 3 3 3 3 3 3 3 ] [ 3 3 3 3 3 3 3 3 3 ] [ 11 5 3 1 1 1 1 1 1 1 1 ]
[ 3 3 3 3 3 3 3 3 3 ] [ 3 3 3 3 3 3 3 3 3 ] [ 11 6 2 1 1 1 1 1 1 1 1 ]
[ 3 3 3 3 3 3 3 3 3 ] [ 3 3 3 3 3 3 3 3 3 ] [ 11 7 1 1 1 1 1 1 1 1 1 ]
[ 3 3 3 3 3 3 3 3 3 ] [ 3 3 3 3 3 3 3 3 3 ] [ 12 2 2 2 2 2 1 1 1 1 1 ]
[ 3 3 3 3 3 3 3 3 3 ] [ 3 3 3 3 3 3 3 3 3 ] [ 12 3 2 2 2 1 1 1 1 1 1 ]
[ 3 3 3 3 3 3 3 3 3 ] [ 3 3 3 3 3 3 3 3 3 ] [ 12 3 3 2 1 1 1 1 1 1 1 ]
[ 3 3 3 3 3 3 3 3 3 ] [ 3 3 3 3 3 3 3 3 3 ] [ 12 4 2 2 1 1 1 1 1 1 1 ]
[ 3 3 3 3 3 3 3 3 3 ] [ 3 3 3 3 3 3 3 3 3 ] [ 12 4 3 1 1 1 1 1 1 1 1 ]
[ 3 3 3 3 3 3 3 3 3 ] [ 3 3 3 3 3 3 3 3 3 ] [ 12 5 2 1 1 1 1 1 1 1 1 ]
[ 3 3 3 3 3 3 3 3 3 ] [ 3 3 3 3 3 3 3 3 3 ] [ 12 6 1 1 1 1 1 1 1 1 1 ]
[ 3 3 3 3 3 3 3 3 3 ] [ 3 3 3 3 3 3 3 3 3 ] [ 13 2 2 2 2 1 1 1 1 1 1 ]
[ 3 3 3 3 3 3 3 3 3 ] [ 3 3 3 3 3 3 3 3 3 ] [ 13 3 2 2 1 1 1 1 1 1 1 ]
[ 3 3 3 3 3 3 3 3 3 ] [ 3 3 3 3 3 3 3 3 3 ] [ 13 3 3 1 1 1 1 1 1 1 1 ]
[ 3 3 3 3 3 3 3 3 3 ] [ 3 3 3 3 3 3 3 3 3 ] [ 13 4 2 1 1 1 1 1 1 1 1 ]
[ 3 3 3 3 3 3 3 3 3 ] [ 3 3 3 3 3 3 3 3 3 ] [ 13 5 1 1 1 1 1 1 1 1 1 ]
[ 3 3 3 3 3 3 3 3 3 ] [ 3 3 3 3 3 3 3 3 3 ] [ 14 2 2 2 1 1 1 1 1 1 1 ]
[ 3 3 3 3 3 3 3 3 3 ] [ 3 3 3 3 3 3 3 3 3 ] [ 14 3 2 1 1 1 1 1 1 1 1 ]
[ 3 3 3 3 3 3 3 3 3 ] [ 3 3 3 3 3 3 3 3 3 ] [ 14 4 1 1 1 1 1 1 1 1 1 ]
[ 3 3 3 3 3 3 3 3 3 ] [ 3 3 3 3 3 3 3 3 3 ] [ 15 2 2 1 1 1 1 1 1 1 1 ]
[ 3 3 3 3 3 3 3 3 3 ] [ 3 3 3 3 3 3 3 3 3 ] [ 15 3 1 1 1 1 1 1 1 1 1 ]
[ 3 3 3 3 3 3 3 3 3 ] [ 3 3 3 3 3 3 3 3 3 ] [ 16 2 1 1 1 1 1 1 1 1 1 ]
[ 3 3 3 3 3 3 3 3 3 ] [ 4 2 2 2 2 2 2 2 2 2 2 2 1 ] [ 6 6 3 3 3 3 3 ]
[ 3 3 3 3 3 3 3 3 3 ] [ 4 2 2 2 2 2 2 2 2 2 2 2 1 ] [ 9 3 3 3 3 3 3 ]
[ 3 3 3 3 3 3 3 3 3 ] [ 4 3 2 2 2 2 2 2 2 2 2 2 ] [ 6 3 3 3 3 3 3 3 ]
[ 3 3 3 3 3 3 3 3 3 ] [ 4 4 2 2 2 2 2 2 2 2 2 1 ] [ 6 3 3 3 3 3 3 3 ]
[ 3 3 3 3 3 3 3 3 3 ] [ 5 2 2 2 2 2 2 2 2 2 2 2 ] [ 6 3 3 3 3 3 3 3 ]
[ 3 3 3 3 3 3 3 3 3 ] [ 6 2 2 2 2 2 2 2 2 2 2 1 ] [ 6 3 3 3 3 3 3 3 ]
[ 3 3 3 3 3 3 3 3 3 ] [ 6 3 3 3 3 3 3 3 ] [ 10 2 2 2 2 2 2 1 1 1 1 1 ]
[ 3 3 3 3 3 3 3 3 3 ] [ 6 3 3 3 3 3 3 3 ] [ 10 3 2 2 2 2 1 1 1 1 1 1 ]
[ 3 3 3 3 3 3 3 3 3 ] [ 6 3 3 3 3 3 3 3 ] [ 10 3 3 2 2 1 1 1 1 1 1 1 ]
[ 3 3 3 3 3 3 3 3 3 ] [ 6 3 3 3 3 3 3 3 ] [ 10 3 3 3 1 1 1 1 1 1 1 1 ]
[ 3 3 3 3 3 3 3 3 3 ] [ 6 3 3 3 3 3 3 3 ] [ 10 4 2 2 2 1 1 1 1 1 1 1 ]
[ 3 3 3 3 3 3 3 3 3 ] [ 6 3 3 3 3 3 3 3 ] [ 10 4 3 2 1 1 1 1 1 1 1 1 ]
[ 3 3 3 3 3 3 3 3 3 ] [ 6 3 3 3 3 3 3 3 ] [ 10 4 4 1 1 1 1 1 1 1 1 1 ]
[ 3 3 3 3 3 3 3 3 3 ] [ 6 3 3 3 3 3 3 3 ] [ 10 5 2 2 1 1 1 1 1 1 1 1 ]
[ 3 3 3 3 3 3 3 3 3 ] [ 6 3 3 3 3 3 3 3 ] [ 10 5 3 1 1 1 1 1 1 1 1 1 ]
[ 3 3 3 3 3 3 3 3 3 ] [ 6 3 3 3 3 3 3 3 ] [ 10 6 2 1 1 1 1 1 1 1 1 1 ]
[ 3 3 3 3 3 3 3 3 3 ] [ 6 3 3 3 3 3 3 3 ] [ 10 7 1 1 1 1 1 1 1 1 1 1 ]
[ 3 3 3 3 3 3 3 3 3 ] [ 6 3 3 3 3 3 3 3 ] [ 11 2 2 2 2 2 1 1 1 1 1 1 ]
[ 3 3 3 3 3 3 3 3 3 ] [ 6 3 3 3 3 3 3 3 ] [ 11 3 2 2 2 1 1 1 1 1 1 1 ]
[ 3 3 3 3 3 3 3 3 3 ] [ 6 3 3 3 3 3 3 3 ] [ 11 3 3 2 1 1 1 1 1 1 1 1 ]
[ 3 3 3 3 3 3 3 3 3 ] [ 6 3 3 3 3 3 3 3 ] [ 11 4 2 2 1 1 1 1 1 1 1 1 ]
[ 3 3 3 3 3 3 3 3 3 ] [ 6 3 3 3 3 3 3 3 ] [ 11 4 3 1 1 1 1 1 1 1 1 1 ]
[ 3 3 3 3 3 3 3 3 3 ] [ 6 3 3 3 3 3 3 3 ] [ 11 5 2 1 1 1 1 1 1 1 1 1 ]
[ 3 3 3 3 3 3 3 3 3 ] [ 6 3 3 3 3 3 3 3 ] [ 11 6 1 1 1 1 1 1 1 1 1 1 ]
[ 3 3 3 3 3 3 3 3 3 ] [ 6 3 3 3 3 3 3 3 ] [ 12 2 2 2 2 1 1 1 1 1 1 1 ]
[ 3 3 3 3 3 3 3 3 3 ] [ 6 3 3 3 3 3 3 3 ] [ 12 3 2 2 1 1 1 1 1 1 1 1 ]
[ 3 3 3 3 3 3 3 3 3 ] [ 6 3 3 3 3 3 3 3 ] [ 12 3 3 1 1 1 1 1 1 1 1 1 ]
[ 3 3 3 3 3 3 3 3 3 ] [ 6 3 3 3 3 3 3 3 ] [ 12 4 2 1 1 1 1 1 1 1 1 1 ]
[ 3 3 3 3 3 3 3 3 3 ] [ 6 3 3 3 3 3 3 3 ] [ 12 5 1 1 1 1 1 1 1 1 1 1 ]
[ 3 3 3 3 3 3 3 3 3 ] [ 6 3 3 3 3 3 3 3 ] [ 13 2 2 2 1 1 1 1 1 1 1 1 ]
[ 3 3 3 3 3 3 3 3 3 ] [ 6 3 3 3 3 3 3 3 ] [ 13 3 2 1 1 1 1 1 1 1 1 1 ]
[ 3 3 3 3 3 3 3 3 3 ] [ 6 3 3 3 3 3 3 3 ] [ 13 4 1 1 1 1 1 1 1 1 1 1 ]
[ 3 3 3 3 3 3 3 3 3 ] [ 6 3 3 3 3 3 3 3 ] [ 14 2 2 1 1 1 1 1 1 1 1 1 ]
[ 3 3 3 3 3 3 3 3 3 ] [ 6 3 3 3 3 3 3 3 ] [ 14 3 1 1 1 1 1 1 1 1 1 1 ]
[ 3 3 3 3 3 3 3 3 3 ] [ 6 3 3 3 3 3 3 3 ] [ 15 2 1 1 1 1 1 1 1 1 1 1 ]
[ 3 3 3 3 3 3 3 3 3 ] [ 6 6 3 3 3 3 3 ] [ 10 2 2 2 2 2 1 1 1 1 1 1 1 ]
[ 3 3 3 3 3 3 3 3 3 ] [ 6 6 3 3 3 3 3 ] [ 10 3 2 2 2 1 1 1 1 1 1 1 1 ]
[ 3 3 3 3 3 3 3 3 3 ] [ 6 6 3 3 3 3 3 ] [ 10 3 3 2 1 1 1 1 1 1 1 1 1 ]
[ 3 3 3 3 3 3 3 3 3 ] [ 6 6 3 3 3 3 3 ] [ 10 4 2 2 1 1 1 1 1 1 1 1 1 ]
[ 3 3 3 3 3 3 3 3 3 ] [ 6 6 3 3 3 3 3 ] [ 10 4 3 1 1 1 1 1 1 1 1 1 1 ]
[ 3 3 3 3 3 3 3 3 3 ] [ 6 6 3 3 3 3 3 ] [ 10 5 2 1 1 1 1 1 1 1 1 1 1 ]
[ 3 3 3 3 3 3 3 3 3 ] [ 6 6 3 3 3 3 3 ] [ 10 6 1 1 1 1 1 1 1 1 1 1 1 ]
[ 3 3 3 3 3 3 3 3 3 ] [ 6 6 3 3 3 3 3 ] [ 11 2 2 2 2 1 1 1 1 1 1 1 1 ]
[ 3 3 3 3 3 3 3 3 3 ] [ 6 6 3 3 3 3 3 ] [ 11 3 2 2 1 1 1 1 1 1 1 1 1 ]
[ 3 3 3 3 3 3 3 3 3 ] [ 6 6 3 3 3 3 3 ] [ 11 3 3 1 1 1 1 1 1 1 1 1 1 ]
[ 3 3 3 3 3 3 3 3 3 ] [ 6 6 3 3 3 3 3 ] [ 11 4 2 1 1 1 1 1 1 1 1 1 1 ]
[ 3 3 3 3 3 3 3 3 3 ] [ 6 6 3 3 3 3 3 ] [ 11 5 1 1 1 1 1 1 1 1 1 1 1 ]
[ 3 3 3 3 3 3 3 3 3 ] [ 6 6 3 3 3 3 3 ] [ 12 2 2 2 1 1 1 1 1 1 1 1 1 ]
[ 3 3 3 3 3 3 3 3 3 ] [ 6 6 3 3 3 3 3 ] [ 12 3 2 1 1 1 1 1 1 1 1 1 1 ]
[ 3 3 3 3 3 3 3 3 3 ] [ 6 6 3 3 3 3 3 ] [ 12 4 1 1 1 1 1 1 1 1 1 1 1 ]
[ 3 3 3 3 3 3 3 3 3 ] [ 6 6 3 3 3 3 3 ] [ 13 2 2 1 1 1 1 1 1 1 1 1 1 ]
[ 3 3 3 3 3 3 3 3 3 ] [ 6 6 3 3 3 3 3 ] [ 13 3 1 1 1 1 1 1 1 1 1 1 1 ]
[ 3 3 3 3 3 3 3 3 3 ] [ 6 6 3 3 3 3 3 ] [ 14 2 1 1 1 1 1 1 1 1 1 1 1 ]
[ 3 3 3 3 3 3 3 3 3 ] [ 6 6 6 3 3 3 ] [ 10 2 2 2 2 1 1 1 1 1 1 1 1 1 ]
[ 3 3 3 3 3 3 3 3 3 ] [ 6 6 6 3 3 3 ] [ 10 3 2 2 1 1 1 1 1 1 1 1 1 1 ]
[ 3 3 3 3 3 3 3 3 3 ] [ 6 6 6 3 3 3 ] [ 10 3 3 1 1 1 1 1 1 1 1 1 1 1 ]
[ 3 3 3 3 3 3 3 3 3 ] [ 6 6 6 3 3 3 ] [ 10 4 2 1 1 1 1 1 1 1 1 1 1 1 ]
[ 3 3 3 3 3 3 3 3 3 ] [ 6 6 6 3 3 3 ] [ 10 5 1 1 1 1 1 1 1 1 1 1 1 1 ]
[ 3 3 3 3 3 3 3 3 3 ] [ 6 6 6 3 3 3 ] [ 11 2 2 2 1 1 1 1 1 1 1 1 1 1 ]
[ 3 3 3 3 3 3 3 3 3 ] [ 6 6 6 3 3 3 ] [ 11 3 2 1 1 1 1 1 1 1 1 1 1 1 ]
[ 3 3 3 3 3 3 3 3 3 ] [ 6 6 6 3 3 3 ] [ 11 4 1 1 1 1 1 1 1 1 1 1 1 1 ]
[ 3 3 3 3 3 3 3 3 3 ] [ 6 6 6 3 3 3 ] [ 12 2 2 1 1 1 1 1 1 1 1 1 1 1 ]
[ 3 3 3 3 3 3 3 3 3 ] [ 6 6 6 3 3 3 ] [ 12 3 1 1 1 1 1 1 1 1 1 1 1 1 ]
[ 3 3 3 3 3 3 3 3 3 ] [ 6 6 6 3 3 3 ] [ 13 2 1 1 1 1 1 1 1 1 1 1 1 1 ]
[ 3 3 3 3 3 3 3 3 3 ] [ 6 6 6 6 3 ] [ 10 2 2 2 1 1 1 1 1 1 1 1 1 1 1 ]
[ 3 3 3 3 3 3 3 3 3 ] [ 6 6 6 6 3 ] [ 10 3 2 1 1 1 1 1 1 1 1 1 1 1 1 ]
[ 3 3 3 3 3 3 3 3 3 ] [ 6 6 6 6 3 ] [ 10 4 1 1 1 1 1 1 1 1 1 1 1 1 1 ]
[ 3 3 3 3 3 3 3 3 3 ] [ 6 6 6 6 3 ] [ 11 2 2 1 1 1 1 1 1 1 1 1 1 1 1 ]
[ 3 3 3 3 3 3 3 3 3 ] [ 6 6 6 6 3 ] [ 11 3 1 1 1 1 1 1 1 1 1 1 1 1 1 ]
[ 3 3 3 3 3 3 3 3 3 ] [ 6 6 6 6 3 ] [ 12 2 1 1 1 1 1 1 1 1 1 1 1 1 1 ]
[ 3 3 3 3 3 3 3 3 3 ] [ 9 3 3 3 3 3 3 ] [ 10 2 2 2 2 2 1 1 1 1 1 1 1 ]
[ 3 3 3 3 3 3 3 3 3 ] [ 9 3 3 3 3 3 3 ] [ 10 3 2 2 2 1 1 1 1 1 1 1 1 ]
[ 3 3 3 3 3 3 3 3 3 ] [ 9 3 3 3 3 3 3 ] [ 10 3 3 2 1 1 1 1 1 1 1 1 1 ]
[ 3 3 3 3 3 3 3 3 3 ] [ 9 3 3 3 3 3 3 ] [ 10 4 2 2 1 1 1 1 1 1 1 1 1 ]
[ 3 3 3 3 3 3 3 3 3 ] [ 9 3 3 3 3 3 3 ] [ 10 4 3 1 1 1 1 1 1 1 1 1 1 ]
[ 3 3 3 3 3 3 3 3 3 ] [ 9 3 3 3 3 3 3 ] [ 10 5 2 1 1 1 1 1 1 1 1 1 1 ]
[ 3 3 3 3 3 3 3 3 3 ] [ 9 3 3 3 3 3 3 ] [ 10 6 1 1 1 1 1 1 1 1 1 1 1 ]
[ 3 3 3 3 3 3 3 3 3 ] [ 9 3 3 3 3 3 3 ] [ 11 2 2 2 2 1 1 1 1 1 1 1 1 ]
[ 3 3 3 3 3 3 3 3 3 ] [ 9 3 3 3 3 3 3 ] [ 11 3 2 2 1 1 1 1 1 1 1 1 1 ]
[ 3 3 3 3 3 3 3 3 3 ] [ 9 3 3 3 3 3 3 ] [ 11 3 3 1 1 1 1 1 1 1 1 1 1 ]
[ 3 3 3 3 3 3 3 3 3 ] [ 9 3 3 3 3 3 3 ] [ 11 4 2 1 1 1 1 1 1 1 1 1 1 ]
[ 3 3 3 3 3 3 3 3 3 ] [ 9 3 3 3 3 3 3 ] [ 11 5 1 1 1 1 1 1 1 1 1 1 1 ]
[ 3 3 3 3 3 3 3 3 3 ] [ 9 3 3 3 3 3 3 ] [ 12 2 2 2 1 1 1 1 1 1 1 1 1 ]
[ 3 3 3 3 3 3 3 3 3 ] [ 9 3 3 3 3 3 3 ] [ 12 3 2 1 1 1 1 1 1 1 1 1 1 ]
[ 3 3 3 3 3 3 3 3 3 ] [ 9 3 3 3 3 3 3 ] [ 12 4 1 1 1 1 1 1 1 1 1 1 1 ]
[ 3 3 3 3 3 3 3 3 3 ] [ 9 3 3 3 3 3 3 ] [ 13 2 2 1 1 1 1 1 1 1 1 1 1 ]
[ 3 3 3 3 3 3 3 3 3 ] [ 9 3 3 3 3 3 3 ] [ 13 3 1 1 1 1 1 1 1 1 1 1 1 ]
[ 3 3 3 3 3 3 3 3 3 ] [ 9 3 3 3 3 3 3 ] [ 14 2 1 1 1 1 1 1 1 1 1 1 1 ]
[ 3 3 3 3 3 3 3 3 3 ] [ 9 6 3 3 3 3 ] [ 10 2 2 2 2 1 1 1 1 1 1 1 1 1 ]
[ 3 3 3 3 3 3 3 3 3 ] [ 9 6 3 3 3 3 ] [ 10 3 2 2 1 1 1 1 1 1 1 1 1 1 ]
[ 3 3 3 3 3 3 3 3 3 ] [ 9 6 3 3 3 3 ] [ 10 3 3 1 1 1 1 1 1 1 1 1 1 1 ]
[ 3 3 3 3 3 3 3 3 3 ] [ 9 6 3 3 3 3 ] [ 10 4 2 1 1 1 1 1 1 1 1 1 1 1 ]
[ 3 3 3 3 3 3 3 3 3 ] [ 9 6 3 3 3 3 ] [ 10 5 1 1 1 1 1 1 1 1 1 1 1 1 ]
[ 3 3 3 3 3 3 3 3 3 ] [ 9 6 3 3 3 3 ] [ 11 2 2 2 1 1 1 1 1 1 1 1 1 1 ]
[ 3 3 3 3 3 3 3 3 3 ] [ 9 6 3 3 3 3 ] [ 11 3 2 1 1 1 1 1 1 1 1 1 1 1 ]
[ 3 3 3 3 3 3 3 3 3 ] [ 9 6 3 3 3 3 ] [ 11 4 1 1 1 1 1 1 1 1 1 1 1 1 ]
[ 3 3 3 3 3 3 3 3 3 ] [ 9 6 3 3 3 3 ] [ 12 2 2 1 1 1 1 1 1 1 1 1 1 1 ]
[ 3 3 3 3 3 3 3 3 3 ] [ 9 6 3 3 3 3 ] [ 12 3 1 1 1 1 1 1 1 1 1 1 1 1 ]
[ 3 3 3 3 3 3 3 3 3 ] [ 9 6 3 3 3 3 ] [ 13 2 1 1 1 1 1 1 1 1 1 1 1 1 ]
[ 3 3 3 3 3 3 3 3 3 ] [ 9 6 6 3 3 ] [ 10 2 2 2 1 1 1 1 1 1 1 1 1 1 1 ]
[ 3 3 3 3 3 3 3 3 3 ] [ 9 6 6 3 3 ] [ 10 3 2 1 1 1 1 1 1 1 1 1 1 1 1 ]
[ 3 3 3 3 3 3 3 3 3 ] [ 9 6 6 3 3 ] [ 10 4 1 1 1 1 1 1 1 1 1 1 1 1 1 ]
[ 3 3 3 3 3 3 3 3 3 ] [ 9 6 6 3 3 ] [ 11 2 2 1 1 1 1 1 1 1 1 1 1 1 1 ]
[ 3 3 3 3 3 3 3 3 3 ] [ 9 6 6 3 3 ] [ 11 3 1 1 1 1 1 1 1 1 1 1 1 1 1 ]
[ 3 3 3 3 3 3 3 3 3 ] [ 9 6 6 3 3 ] [ 12 2 1 1 1 1 1 1 1 1 1 1 1 1 1 ]
[ 3 3 3 3 3 3 3 3 3 ] [ 9 6 6 6 ] [ 10 2 2 1 1 1 1 1 1 1 1 1 1 1 1 1 ]
[ 3 3 3 3 3 3 3 3 3 ] [ 9 6 6 6 ] [ 10 3 1 1 1 1 1 1 1 1 1 1 1 1 1 1 ]
[ 3 3 3 3 3 3 3 3 3 ] [ 9 6 6 6 ] [ 11 2 1 1 1 1 1 1 1 1 1 1 1 1 1 1 ]
[ 3 3 3 3 3 3 3 3 3 ] [ 9 9 3 3 3 ] [ 10 2 2 2 1 1 1 1 1 1 1 1 1 1 1 ]
[ 3 3 3 3 3 3 3 3 3 ] [ 9 9 3 3 3 ] [ 10 3 2 1 1 1 1 1 1 1 1 1 1 1 1 ]
[ 3 3 3 3 3 3 3 3 3 ] [ 9 9 3 3 3 ] [ 10 4 1 1 1 1 1 1 1 1 1 1 1 1 1 ]
[ 3 3 3 3 3 3 3 3 3 ] [ 9 9 3 3 3 ] [ 11 2 2 1 1 1 1 1 1 1 1 1 1 1 1 ]
[ 3 3 3 3 3 3 3 3 3 ] [ 9 9 3 3 3 ] [ 11 3 1 1 1 1 1 1 1 1 1 1 1 1 1 ]
[ 3 3 3 3 3 3 3 3 3 ] [ 9 9 3 3 3 ] [ 12 2 1 1 1 1 1 1 1 1 1 1 1 1 1 ]
[ 3 3 3 3 3 3 3 3 3 ] [ 9 9 6 3 ] [ 10 2 2 1 1 1 1 1 1 1 1 1 1 1 1 1 ]
[ 3 3 3 3 3 3 3 3 3 ] [ 9 9 6 3 ] [ 10 3 1 1 1 1 1 1 1 1 1 1 1 1 1 1 ]
[ 3 3 3 3 3 3 3 3 3 ] [ 9 9 6 3 ] [ 11 2 1 1 1 1 1 1 1 1 1 1 1 1 1 1 ]
[ 3 3 3 3 3 3 3 3 3 ] [ 9 9 9 ] [ 10 2 1 1 1 1 1 1 1 1 1 1 1 1 1 1 1 ]
[ 3 3 3 3 3 3 3 3 3 ] [ 10 2 1 1 1 1 1 1 1 1 1 1 1 1 1 1 1 ] [ 12 9 6 ]
[ 3 3 3 3 3 3 3 3 3 ] [ 10 2 1 1 1 1 1 1 1 1 1 1 1 1 1 1 1 ] [ 12 12 3 ]
[ 3 3 3 3 3 3 3 3 3 ] [ 10 2 1 1 1 1 1 1 1 1 1 1 1 1 1 1 1 ] [ 15 6 6 ]
[ 3 3 3 3 3 3 3 3 3 ] [ 10 2 1 1 1 1 1 1 1 1 1 1 1 1 1 1 1 ] [ 15 9 3 ]
[ 3 3 3 3 3 3 3 3 3 ] [ 10 2 1 1 1 1 1 1 1 1 1 1 1 1 1 1 1 ] [ 18 6 3 ]
[ 3 3 3 3 3 3 3 3 3 ] [ 10 2 1 1 1 1 1 1 1 1 1 1 1 1 1 1 1 ] [ 21 3 3 ]
[ 3 3 3 3 3 3 3 3 3 ] [ 10 2 2 1 1 1 1 1 1 1 1 1 1 1 1 1 ] [ 12 6 6 3 ]
[ 3 3 3 3 3 3 3 3 3 ] [ 10 2 2 1 1 1 1 1 1 1 1 1 1 1 1 1 ] [ 12 9 3 3 ]
[ 3 3 3 3 3 3 3 3 3 ] [ 10 2 2 1 1 1 1 1 1 1 1 1 1 1 1 1 ] [ 15 6 3 3 ]
[ 3 3 3 3 3 3 3 3 3 ] [ 10 2 2 1 1 1 1 1 1 1 1 1 1 1 1 1 ] [ 18 3 3 3 ]
[ 3 3 3 3 3 3 3 3 3 ] [ 10 2 2 2 1 1 1 1 1 1 1 1 1 1 1 ] [ 12 6 3 3 3 ]
[ 3 3 3 3 3 3 3 3 3 ] [ 10 2 2 2 1 1 1 1 1 1 1 1 1 1 1 ] [ 15 3 3 3 3 ]
[ 3 3 3 3 3 3 3 3 3 ] [ 10 2 2 2 2 1 1 1 1 1 1 1 1 1 ] [ 12 3 3 3 3 3 ]
[ 3 3 3 3 3 3 3 3 3 ] [ 10 3 1 1 1 1 1 1 1 1 1 1 1 1 1 1 ] [ 12 6 6 3 ]
[ 3 3 3 3 3 3 3 3 3 ] [ 10 3 1 1 1 1 1 1 1 1 1 1 1 1 1 1 ] [ 12 9 3 3 ]
[ 3 3 3 3 3 3 3 3 3 ] [ 10 3 1 1 1 1 1 1 1 1 1 1 1 1 1 1 ] [ 15 6 3 3 ]
[ 3 3 3 3 3 3 3 3 3 ] [ 10 3 1 1 1 1 1 1 1 1 1 1 1 1 1 1 ] [ 18 3 3 3 ]
[ 3 3 3 3 3 3 3 3 3 ] [ 10 3 2 1 1 1 1 1 1 1 1 1 1 1 1 ] [ 12 6 3 3 3 ]
[ 3 3 3 3 3 3 3 3 3 ] [ 10 3 2 1 1 1 1 1 1 1 1 1 1 1 1 ] [ 15 3 3 3 3 ]
[ 3 3 3 3 3 3 3 3 3 ] [ 10 3 2 2 1 1 1 1 1 1 1 1 1 1 ] [ 12 3 3 3 3 3 ]
[ 3 3 3 3 3 3 3 3 3 ] [ 10 3 3 1 1 1 1 1 1 1 1 1 1 1 ] [ 12 3 3 3 3 3 ]
[ 3 3 3 3 3 3 3 3 3 ] [ 10 4 1 1 1 1 1 1 1 1 1 1 1 1 1 ] [ 12 6 3 3 3 ]
[ 3 3 3 3 3 3 3 3 3 ] [ 10 4 1 1 1 1 1 1 1 1 1 1 1 1 1 ] [ 15 3 3 3 3 ]
[ 3 3 3 3 3 3 3 3 3 ] [ 10 4 2 1 1 1 1 1 1 1 1 1 1 1 ] [ 12 3 3 3 3 3 ]
[ 3 3 3 3 3 3 3 3 3 ] [ 10 5 1 1 1 1 1 1 1 1 1 1 1 1 ] [ 12 3 3 3 3 3 ]
[ 3 3 3 3 3 3 3 3 3 ] [ 11 2 1 1 1 1 1 1 1 1 1 1 1 1 1 1 ] [ 12 6 6 3 ]
[ 3 3 3 3 3 3 3 3 3 ] [ 11 2 1 1 1 1 1 1 1 1 1 1 1 1 1 1 ] [ 12 9 3 3 ]
[ 3 3 3 3 3 3 3 3 3 ] [ 11 2 1 1 1 1 1 1 1 1 1 1 1 1 1 1 ] [ 15 6 3 3 ]
[ 3 3 3 3 3 3 3 3 3 ] [ 11 2 1 1 1 1 1 1 1 1 1 1 1 1 1 1 ] [ 18 3 3 3 ]
[ 3 3 3 3 3 3 3 3 3 ] [ 11 2 2 1 1 1 1 1 1 1 1 1 1 1 1 ] [ 12 6 3 3 3 ]
[ 3 3 3 3 3 3 3 3 3 ] [ 11 2 2 1 1 1 1 1 1 1 1 1 1 1 1 ] [ 15 3 3 3 3 ]
[ 3 3 3 3 3 3 3 3 3 ] [ 11 2 2 2 1 1 1 1 1 1 1 1 1 1 ] [ 12 3 3 3 3 3 ]
[ 3 3 3 3 3 3 3 3 3 ] [ 11 3 1 1 1 1 1 1 1 1 1 1 1 1 1 ] [ 12 6 3 3 3 ]
[ 3 3 3 3 3 3 3 3 3 ] [ 11 3 1 1 1 1 1 1 1 1 1 1 1 1 1 ] [ 15 3 3 3 3 ]
[ 3 3 3 3 3 3 3 3 3 ] [ 11 3 2 1 1 1 1 1 1 1 1 1 1 1 ] [ 12 3 3 3 3 3 ]
[ 3 3 3 3 3 3 3 3 3 ] [ 11 4 1 1 1 1 1 1 1 1 1 1 1 1 ] [ 12 3 3 3 3 3 ]
[ 3 3 3 3 3 3 3 3 3 ] [ 12 2 1 1 1 1 1 1 1 1 1 1 1 1 1 ] [ 12 6 3 3 3 ]
[ 3 3 3 3 3 3 3 3 3 ] [ 12 2 1 1 1 1 1 1 1 1 1 1 1 1 1 ] [ 15 3 3 3 3 ]
[ 3 3 3 3 3 3 3 3 3 ] [ 12 2 2 1 1 1 1 1 1 1 1 1 1 1 ] [ 12 3 3 3 3 3 ]
[ 3 3 3 3 3 3 3 3 3 ] [ 12 3 1 1 1 1 1 1 1 1 1 1 1 1 ] [ 12 3 3 3 3 3 ]
[ 3 3 3 3 3 3 3 3 3 ] [ 12 3 3 3 3 3 ] [ 13 2 1 1 1 1 1 1 1 1 1 1 1 1 ]
[ 4 2 1 1 1 1 1 1 1 1 1 1 1 1 1 1 1 1 1 1 1 1 1 ] [ 9 9 9 ] [ 9 9 9 ]
[ 4 2 2 2 2 2 2 2 2 2 2 2 1 ] [ 6 3 3 3 3 3 3 3 ] [ 6 3 3 3 3 3 3 3 ]
[ 6 3 3 3 3 3 3 3 ] [ 6 3 3 3 3 3 3 3 ] [ 10 2 2 2 2 2 1 1 1 1 1 1 1 ]
[ 6 3 3 3 3 3 3 3 ] [ 6 3 3 3 3 3 3 3 ] [ 10 3 2 2 2 1 1 1 1 1 1 1 1 ]
[ 6 3 3 3 3 3 3 3 ] [ 6 3 3 3 3 3 3 3 ] [ 10 3 3 2 1 1 1 1 1 1 1 1 1 ]
[ 6 3 3 3 3 3 3 3 ] [ 6 3 3 3 3 3 3 3 ] [ 10 4 2 2 1 1 1 1 1 1 1 1 1 ]
[ 6 3 3 3 3 3 3 3 ] [ 6 3 3 3 3 3 3 3 ] [ 10 4 3 1 1 1 1 1 1 1 1 1 1 ]
[ 6 3 3 3 3 3 3 3 ] [ 6 3 3 3 3 3 3 3 ] [ 10 5 2 1 1 1 1 1 1 1 1 1 1 ]
[ 6 3 3 3 3 3 3 3 ] [ 6 3 3 3 3 3 3 3 ] [ 10 6 1 1 1 1 1 1 1 1 1 1 1 ]
[ 6 3 3 3 3 3 3 3 ] [ 6 3 3 3 3 3 3 3 ] [ 11 2 2 2 2 1 1 1 1 1 1 1 1 ]
[ 6 3 3 3 3 3 3 3 ] [ 6 3 3 3 3 3 3 3 ] [ 11 3 2 2 1 1 1 1 1 1 1 1 1 ]
[ 6 3 3 3 3 3 3 3 ] [ 6 3 3 3 3 3 3 3 ] [ 11 3 3 1 1 1 1 1 1 1 1 1 1 ]
[ 6 3 3 3 3 3 3 3 ] [ 6 3 3 3 3 3 3 3 ] [ 11 4 2 1 1 1 1 1 1 1 1 1 1 ]
[ 6 3 3 3 3 3 3 3 ] [ 6 3 3 3 3 3 3 3 ] [ 11 5 1 1 1 1 1 1 1 1 1 1 1 ]
[ 6 3 3 3 3 3 3 3 ] [ 6 3 3 3 3 3 3 3 ] [ 12 2 2 2 1 1 1 1 1 1 1 1 1 ]
[ 6 3 3 3 3 3 3 3 ] [ 6 3 3 3 3 3 3 3 ] [ 12 3 2 1 1 1 1 1 1 1 1 1 1 ]
[ 6 3 3 3 3 3 3 3 ] [ 6 3 3 3 3 3 3 3 ] [ 12 4 1 1 1 1 1 1 1 1 1 1 1 ]
[ 6 3 3 3 3 3 3 3 ] [ 6 3 3 3 3 3 3 3 ] [ 13 2 2 1 1 1 1 1 1 1 1 1 1 ]
[ 6 3 3 3 3 3 3 3 ] [ 6 3 3 3 3 3 3 3 ] [ 13 3 1 1 1 1 1 1 1 1 1 1 1 ]
[ 6 3 3 3 3 3 3 3 ] [ 6 3 3 3 3 3 3 3 ] [ 14 2 1 1 1 1 1 1 1 1 1 1 1 ]
[ 6 3 3 3 3 3 3 3 ] [ 6 6 3 3 3 3 3 ] [ 10 2 2 2 2 1 1 1 1 1 1 1 1 1 ]
[ 6 3 3 3 3 3 3 3 ] [ 6 6 3 3 3 3 3 ] [ 10 3 2 2 1 1 1 1 1 1 1 1 1 1 ]
[ 6 3 3 3 3 3 3 3 ] [ 6 6 3 3 3 3 3 ] [ 10 3 3 1 1 1 1 1 1 1 1 1 1 1 ]
[ 6 3 3 3 3 3 3 3 ] [ 6 6 3 3 3 3 3 ] [ 10 4 2 1 1 1 1 1 1 1 1 1 1 1 ]
[ 6 3 3 3 3 3 3 3 ] [ 6 6 3 3 3 3 3 ] [ 10 5 1 1 1 1 1 1 1 1 1 1 1 1 ]
[ 6 3 3 3 3 3 3 3 ] [ 6 6 3 3 3 3 3 ] [ 11 2 2 2 1 1 1 1 1 1 1 1 1 1 ]
[ 6 3 3 3 3 3 3 3 ] [ 6 6 3 3 3 3 3 ] [ 11 3 2 1 1 1 1 1 1 1 1 1 1 1 ]
[ 6 3 3 3 3 3 3 3 ] [ 6 6 3 3 3 3 3 ] [ 11 4 1 1 1 1 1 1 1 1 1 1 1 1 ]
[ 6 3 3 3 3 3 3 3 ] [ 6 6 3 3 3 3 3 ] [ 12 2 2 1 1 1 1 1 1 1 1 1 1 1 ]
[ 6 3 3 3 3 3 3 3 ] [ 6 6 3 3 3 3 3 ] [ 12 3 1 1 1 1 1 1 1 1 1 1 1 1 ]
[ 6 3 3 3 3 3 3 3 ] [ 6 6 3 3 3 3 3 ] [ 13 2 1 1 1 1 1 1 1 1 1 1 1 1 ]
[ 6 3 3 3 3 3 3 3 ] [ 6 6 6 3 3 3 ] [ 10 2 2 2 1 1 1 1 1 1 1 1 1 1 1 ]
[ 6 3 3 3 3 3 3 3 ] [ 6 6 6 3 3 3 ] [ 10 3 2 1 1 1 1 1 1 1 1 1 1 1 1 ]
[ 6 3 3 3 3 3 3 3 ] [ 6 6 6 3 3 3 ] [ 10 4 1 1 1 1 1 1 1 1 1 1 1 1 1 ]
[ 6 3 3 3 3 3 3 3 ] [ 6 6 6 3 3 3 ] [ 11 2 2 1 1 1 1 1 1 1 1 1 1 1 1 ]
[ 6 3 3 3 3 3 3 3 ] [ 6 6 6 3 3 3 ] [ 11 3 1 1 1 1 1 1 1 1 1 1 1 1 1 ]
[ 6 3 3 3 3 3 3 3 ] [ 6 6 6 3 3 3 ] [ 12 2 1 1 1 1 1 1 1 1 1 1 1 1 1 ]
[ 6 3 3 3 3 3 3 3 ] [ 6 6 6 6 3 ] [ 10 2 2 1 1 1 1 1 1 1 1 1 1 1 1 1 ]
[ 6 3 3 3 3 3 3 3 ] [ 6 6 6 6 3 ] [ 10 3 1 1 1 1 1 1 1 1 1 1 1 1 1 1 ]
[ 6 3 3 3 3 3 3 3 ] [ 6 6 6 6 3 ] [ 11 2 1 1 1 1 1 1 1 1 1 1 1 1 1 1 ]
[ 6 3 3 3 3 3 3 3 ] [ 9 3 3 3 3 3 3 ] [ 10 2 2 2 2 1 1 1 1 1 1 1 1 1 ]
[ 6 3 3 3 3 3 3 3 ] [ 9 3 3 3 3 3 3 ] [ 10 3 2 2 1 1 1 1 1 1 1 1 1 1 ]
[ 6 3 3 3 3 3 3 3 ] [ 9 3 3 3 3 3 3 ] [ 10 3 3 1 1 1 1 1 1 1 1 1 1 1 ]
[ 6 3 3 3 3 3 3 3 ] [ 9 3 3 3 3 3 3 ] [ 10 4 2 1 1 1 1 1 1 1 1 1 1 1 ]
[ 6 3 3 3 3 3 3 3 ] [ 9 3 3 3 3 3 3 ] [ 10 5 1 1 1 1 1 1 1 1 1 1 1 1 ]
[ 6 3 3 3 3 3 3 3 ] [ 9 3 3 3 3 3 3 ] [ 11 2 2 2 1 1 1 1 1 1 1 1 1 1 ]
[ 6 3 3 3 3 3 3 3 ] [ 9 3 3 3 3 3 3 ] [ 11 3 2 1 1 1 1 1 1 1 1 1 1 1 ]
[ 6 3 3 3 3 3 3 3 ] [ 9 3 3 3 3 3 3 ] [ 11 4 1 1 1 1 1 1 1 1 1 1 1 1 ]
[ 6 3 3 3 3 3 3 3 ] [ 9 3 3 3 3 3 3 ] [ 12 2 2 1 1 1 1 1 1 1 1 1 1 1 ]
[ 6 3 3 3 3 3 3 3 ] [ 9 3 3 3 3 3 3 ] [ 12 3 1 1 1 1 1 1 1 1 1 1 1 1 ]
[ 6 3 3 3 3 3 3 3 ] [ 9 3 3 3 3 3 3 ] [ 13 2 1 1 1 1 1 1 1 1 1 1 1 1 ]
[ 6 3 3 3 3 3 3 3 ] [ 9 6 3 3 3 3 ] [ 10 2 2 2 1 1 1 1 1 1 1 1 1 1 1 ]
[ 6 3 3 3 3 3 3 3 ] [ 9 6 3 3 3 3 ] [ 10 3 2 1 1 1 1 1 1 1 1 1 1 1 1 ]
[ 6 3 3 3 3 3 3 3 ] [ 9 6 3 3 3 3 ] [ 10 4 1 1 1 1 1 1 1 1 1 1 1 1 1 ]
[ 6 3 3 3 3 3 3 3 ] [ 9 6 3 3 3 3 ] [ 11 2 2 1 1 1 1 1 1 1 1 1 1 1 1 ]
[ 6 3 3 3 3 3 3 3 ] [ 9 6 3 3 3 3 ] [ 11 3 1 1 1 1 1 1 1 1 1 1 1 1 1 ]
[ 6 3 3 3 3 3 3 3 ] [ 9 6 3 3 3 3 ] [ 12 2 1 1 1 1 1 1 1 1 1 1 1 1 1 ]
[ 6 3 3 3 3 3 3 3 ] [ 9 6 6 3 3 ] [ 10 2 2 1 1 1 1 1 1 1 1 1 1 1 1 1 ]
[ 6 3 3 3 3 3 3 3 ] [ 9 6 6 3 3 ] [ 10 3 1 1 1 1 1 1 1 1 1 1 1 1 1 1 ]
[ 6 3 3 3 3 3 3 3 ] [ 9 6 6 3 3 ] [ 11 2 1 1 1 1 1 1 1 1 1 1 1 1 1 1 ]
[ 6 3 3 3 3 3 3 3 ] [ 9 6 6 6 ] [ 10 2 1 1 1 1 1 1 1 1 1 1 1 1 1 1 1 ]
[ 6 3 3 3 3 3 3 3 ] [ 9 9 3 3 3 ] [ 10 2 2 1 1 1 1 1 1 1 1 1 1 1 1 1 ]
[ 6 3 3 3 3 3 3 3 ] [ 9 9 3 3 3 ] [ 10 3 1 1 1 1 1 1 1 1 1 1 1 1 1 1 ]
[ 6 3 3 3 3 3 3 3 ] [ 9 9 3 3 3 ] [ 11 2 1 1 1 1 1 1 1 1 1 1 1 1 1 1 ]
[ 6 3 3 3 3 3 3 3 ] [ 9 9 6 3 ] [ 10 2 1 1 1 1 1 1 1 1 1 1 1 1 1 1 1 ]
[ 6 3 3 3 3 3 3 3 ] [ 10 2 1 1 1 1 1 1 1 1 1 1 1 1 1 1 1 ] [ 12 6 6 3 ]
[ 6 3 3 3 3 3 3 3 ] [ 10 2 1 1 1 1 1 1 1 1 1 1 1 1 1 1 1 ] [ 12 9 3 3 ]
[ 6 3 3 3 3 3 3 3 ] [ 10 2 1 1 1 1 1 1 1 1 1 1 1 1 1 1 1 ] [ 15 6 3 3 ]
[ 6 3 3 3 3 3 3 3 ] [ 10 2 1 1 1 1 1 1 1 1 1 1 1 1 1 1 1 ] [ 18 3 3 3 ]
[ 6 3 3 3 3 3 3 3 ] [ 10 2 2 1 1 1 1 1 1 1 1 1 1 1 1 1 ] [ 12 6 3 3 3 ]
[ 6 3 3 3 3 3 3 3 ] [ 10 2 2 1 1 1 1 1 1 1 1 1 1 1 1 1 ] [ 15 3 3 3 3 ]
[ 6 3 3 3 3 3 3 3 ] [ 10 2 2 2 1 1 1 1 1 1 1 1 1 1 1 ] [ 12 3 3 3 3 3 ]
[ 6 3 3 3 3 3 3 3 ] [ 10 3 1 1 1 1 1 1 1 1 1 1 1 1 1 1 ] [ 12 6 3 3 3 ]
[ 6 3 3 3 3 3 3 3 ] [ 10 3 1 1 1 1 1 1 1 1 1 1 1 1 1 1 ] [ 15 3 3 3 3 ]
[ 6 3 3 3 3 3 3 3 ] [ 10 3 2 1 1 1 1 1 1 1 1 1 1 1 1 ] [ 12 3 3 3 3 3 ]
[ 6 3 3 3 3 3 3 3 ] [ 10 4 1 1 1 1 1 1 1 1 1 1 1 1 1 ] [ 12 3 3 3 3 3 ]
[ 6 3 3 3 3 3 3 3 ] [ 11 2 1 1 1 1 1 1 1 1 1 1 1 1 1 1 ] [ 12 6 3 3 3 ]
[ 6 3 3 3 3 3 3 3 ] [ 11 2 1 1 1 1 1 1 1 1 1 1 1 1 1 1 ] [ 15 3 3 3 3 ]
[ 6 3 3 3 3 3 3 3 ] [ 11 2 2 1 1 1 1 1 1 1 1 1 1 1 1 ] [ 12 3 3 3 3 3 ]
[ 6 3 3 3 3 3 3 3 ] [ 11 3 1 1 1 1 1 1 1 1 1 1 1 1 1 ] [ 12 3 3 3 3 3 ]
[ 6 3 3 3 3 3 3 3 ] [ 12 2 1 1 1 1 1 1 1 1 1 1 1 1 1 ] [ 12 3 3 3 3 3 ]
[ 6 6 3 3 3 3 3 ] [ 6 6 3 3 3 3 3 ] [ 10 2 2 2 1 1 1 1 1 1 1 1 1 1 1 ]
[ 6 6 3 3 3 3 3 ] [ 6 6 3 3 3 3 3 ] [ 10 3 2 1 1 1 1 1 1 1 1 1 1 1 1 ]
[ 6 6 3 3 3 3 3 ] [ 6 6 3 3 3 3 3 ] [ 10 4 1 1 1 1 1 1 1 1 1 1 1 1 1 ]
[ 6 6 3 3 3 3 3 ] [ 6 6 3 3 3 3 3 ] [ 11 2 2 1 1 1 1 1 1 1 1 1 1 1 1 ]
[ 6 6 3 3 3 3 3 ] [ 6 6 3 3 3 3 3 ] [ 11 3 1 1 1 1 1 1 1 1 1 1 1 1 1 ]
[ 6 6 3 3 3 3 3 ] [ 6 6 3 3 3 3 3 ] [ 12 2 1 1 1 1 1 1 1 1 1 1 1 1 1 ]
[ 6 6 3 3 3 3 3 ] [ 6 6 6 3 3 3 ] [ 10 2 2 1 1 1 1 1 1 1 1 1 1 1 1 1 ]
[ 6 6 3 3 3 3 3 ] [ 6 6 6 3 3 3 ] [ 10 3 1 1 1 1 1 1 1 1 1 1 1 1 1 1 ]
[ 6 6 3 3 3 3 3 ] [ 6 6 6 3 3 3 ] [ 11 2 1 1 1 1 1 1 1 1 1 1 1 1 1 1 ]
[ 6 6 3 3 3 3 3 ] [ 6 6 6 6 3 ] [ 10 2 1 1 1 1 1 1 1 1 1 1 1 1 1 1 1 ]
[ 6 6 3 3 3 3 3 ] [ 9 3 3 3 3 3 3 ] [ 10 2 2 2 1 1 1 1 1 1 1 1 1 1 1 ]
[ 6 6 3 3 3 3 3 ] [ 9 3 3 3 3 3 3 ] [ 10 3 2 1 1 1 1 1 1 1 1 1 1 1 1 ]
[ 6 6 3 3 3 3 3 ] [ 9 3 3 3 3 3 3 ] [ 10 4 1 1 1 1 1 1 1 1 1 1 1 1 1 ]
[ 6 6 3 3 3 3 3 ] [ 9 3 3 3 3 3 3 ] [ 11 2 2 1 1 1 1 1 1 1 1 1 1 1 1 ]
[ 6 6 3 3 3 3 3 ] [ 9 3 3 3 3 3 3 ] [ 11 3 1 1 1 1 1 1 1 1 1 1 1 1 1 ]
[ 6 6 3 3 3 3 3 ] [ 9 3 3 3 3 3 3 ] [ 12 2 1 1 1 1 1 1 1 1 1 1 1 1 1 ]
[ 6 6 3 3 3 3 3 ] [ 9 6 3 3 3 3 ] [ 10 2 2 1 1 1 1 1 1 1 1 1 1 1 1 1 ]
[ 6 6 3 3 3 3 3 ] [ 9 6 3 3 3 3 ] [ 10 3 1 1 1 1 1 1 1 1 1 1 1 1 1 1 ]
[ 6 6 3 3 3 3 3 ] [ 9 6 3 3 3 3 ] [ 11 2 1 1 1 1 1 1 1 1 1 1 1 1 1 1 ]
[ 6 6 3 3 3 3 3 ] [ 9 6 6 3 3 ] [ 10 2 1 1 1 1 1 1 1 1 1 1 1 1 1 1 1 ]
[ 6 6 3 3 3 3 3 ] [ 9 9 3 3 3 ] [ 10 2 1 1 1 1 1 1 1 1 1 1 1 1 1 1 1 ]
[ 6 6 3 3 3 3 3 ] [ 10 2 1 1 1 1 1 1 1 1 1 1 1 1 1 1 1 ] [ 12 6 3 3 3 ]
[ 6 6 3 3 3 3 3 ] [ 10 2 1 1 1 1 1 1 1 1 1 1 1 1 1 1 1 ] [ 15 3 3 3 3 ]
[ 6 6 3 3 3 3 3 ] [ 10 2 2 1 1 1 1 1 1 1 1 1 1 1 1 1 ] [ 12 3 3 3 3 3 ]
[ 6 6 3 3 3 3 3 ] [ 10 3 1 1 1 1 1 1 1 1 1 1 1 1 1 1 ] [ 12 3 3 3 3 3 ]
[ 6 6 3 3 3 3 3 ] [ 11 2 1 1 1 1 1 1 1 1 1 1 1 1 1 1 ] [ 12 3 3 3 3 3 ]
[ 6 6 6 3 3 3 ] [ 6 6 6 3 3 3 ] [ 10 2 1 1 1 1 1 1 1 1 1 1 1 1 1 1 1 ]
[ 6 6 6 3 3 3 ] [ 9 3 3 3 3 3 3 ] [ 10 2 2 1 1 1 1 1 1 1 1 1 1 1 1 1 ]
[ 6 6 6 3 3 3 ] [ 9 3 3 3 3 3 3 ] [ 10 3 1 1 1 1 1 1 1 1 1 1 1 1 1 1 ]
[ 6 6 6 3 3 3 ] [ 9 3 3 3 3 3 3 ] [ 11 2 1 1 1 1 1 1 1 1 1 1 1 1 1 1 ]
[ 6 6 6 3 3 3 ] [ 9 6 3 3 3 3 ] [ 10 2 1 1 1 1 1 1 1 1 1 1 1 1 1 1 1 ]
[ 6 6 6 3 3 3 ] [ 10 2 1 1 1 1 1 1 1 1 1 1 1 1 1 1 1 ] [ 12 3 3 3 3 3 ]
[ 6 6 6 6 3 ] [ 9 3 3 3 3 3 3 ] [ 10 2 1 1 1 1 1 1 1 1 1 1 1 1 1 1 1 ]
[ 9 3 3 3 3 3 3 ] [ 9 3 3 3 3 3 3 ] [ 10 2 2 2 1 1 1 1 1 1 1 1 1 1 1 ]
[ 9 3 3 3 3 3 3 ] [ 9 3 3 3 3 3 3 ] [ 10 3 2 1 1 1 1 1 1 1 1 1 1 1 1 ]
[ 9 3 3 3 3 3 3 ] [ 9 3 3 3 3 3 3 ] [ 10 4 1 1 1 1 1 1 1 1 1 1 1 1 1 ]
[ 9 3 3 3 3 3 3 ] [ 9 3 3 3 3 3 3 ] [ 11 2 2 1 1 1 1 1 1 1 1 1 1 1 1 ]
[ 9 3 3 3 3 3 3 ] [ 9 3 3 3 3 3 3 ] [ 11 3 1 1 1 1 1 1 1 1 1 1 1 1 1 ]
[ 9 3 3 3 3 3 3 ] [ 9 3 3 3 3 3 3 ] [ 12 2 1 1 1 1 1 1 1 1 1 1 1 1 1 ]
[ 9 3 3 3 3 3 3 ] [ 9 6 3 3 3 3 ] [ 10 2 2 1 1 1 1 1 1 1 1 1 1 1 1 1 ]
[ 9 3 3 3 3 3 3 ] [ 9 6 3 3 3 3 ] [ 10 3 1 1 1 1 1 1 1 1 1 1 1 1 1 1 ]
[ 9 3 3 3 3 3 3 ] [ 9 6 3 3 3 3 ] [ 11 2 1 1 1 1 1 1 1 1 1 1 1 1 1 1 ]
[ 9 3 3 3 3 3 3 ] [ 9 6 6 3 3 ] [ 10 2 1 1 1 1 1 1 1 1 1 1 1 1 1 1 1 ]
[ 9 3 3 3 3 3 3 ] [ 9 9 3 3 3 ] [ 10 2 1 1 1 1 1 1 1 1 1 1 1 1 1 1 1 ]
[ 9 3 3 3 3 3 3 ] [ 10 2 1 1 1 1 1 1 1 1 1 1 1 1 1 1 1 ] [ 12 6 3 3 3 ]
[ 9 3 3 3 3 3 3 ] [ 10 2 1 1 1 1 1 1 1 1 1 1 1 1 1 1 1 ] [ 15 3 3 3 3 ]
[ 9 3 3 3 3 3 3 ] [ 10 2 2 1 1 1 1 1 1 1 1 1 1 1 1 1 ] [ 12 3 3 3 3 3 ]
[ 9 3 3 3 3 3 3 ] [ 10 3 1 1 1 1 1 1 1 1 1 1 1 1 1 1 ] [ 12 3 3 3 3 3 ]
[ 9 3 3 3 3 3 3 ] [ 11 2 1 1 1 1 1 1 1 1 1 1 1 1 1 1 ] [ 12 3 3 3 3 3 ]
[ 9 6 3 3 3 3 ] [ 9 6 3 3 3 3 ] [ 10 2 1 1 1 1 1 1 1 1 1 1 1 1 1 1 1 ]
[ 9 6 3 3 3 3 ] [ 10 2 1 1 1 1 1 1 1 1 1 1 1 1 1 1 1 ] [ 12 3 3 3 3 3 ]
[ 10 2 1 1 1 1 1 1 1 1 1 1 1 1 1 1 1 ] [ 12 3 3 3 3 3 ] [ 12 3 3 3 3 3 ]

=== Type 3 === (Count: 72)
[ 2 2 2 2 2 2 2 2 2 2 2 2 2 1 ] [ 3 3 3 3 3 3 3 3 3 ] [ 5 5 5 4 4 4 ]
[ 2 2 2 2 2 2 2 2 2 2 2 2 2 1 ] [ 3 3 3 3 3 3 3 3 3 ] [ 5 5 5 5 5 2 ]
[ 2 2 2 2 2 2 2 2 2 2 2 2 2 1 ] [ 3 3 3 3 3 3 3 3 3 ] [ 6 5 5 5 5 1 ]
[ 2 2 2 2 2 2 2 2 2 2 2 2 2 1 ] [ 3 3 3 3 3 3 3 3 3 ] [ 6 6 6 4 4 1 ]
[ 2 2 2 2 2 2 2 2 2 2 2 2 2 1 ] [ 3 3 3 3 3 3 3 3 3 ] [ 6 6 6 5 2 2 ]
[ 2 2 2 2 2 2 2 2 2 2 2 2 2 1 ] [ 3 3 3 3 3 3 3 3 3 ] [ 7 4 4 4 4 4 ]
[ 2 2 2 2 2 2 2 2 2 2 2 2 2 1 ] [ 3 3 3 3 3 3 3 3 3 ] [ 7 7 4 3 3 3 ]
[ 2 2 2 2 2 2 2 2 2 2 2 2 2 1 ] [ 3 3 3 3 3 3 3 3 3 ] [ 7 7 7 2 2 2 ]
[ 2 2 2 2 2 2 2 2 2 2 2 2 2 1 ] [ 3 3 3 3 3 3 3 3 3 ] [ 8 4 4 4 4 3 ]
[ 2 2 2 2 2 2 2 2 2 2 2 2 2 1 ] [ 3 3 3 3 3 3 3 3 3 ] [ 8 5 5 3 3 3 ]
[ 2 2 2 2 2 2 2 2 2 2 2 2 2 1 ] [ 3 3 3 3 3 3 3 3 3 ] [ 10 5 5 5 1 1 ]
[ 2 2 2 2 2 2 2 2 2 2 2 2 2 1 ] [ 3 3 3 3 3 3 3 3 3 ] [ 10 10 2 2 2 1 ]
[ 2 2 2 2 2 2 2 2 2 2 2 2 2 1 ] [ 3 3 3 3 3 3 3 3 3 ] [ 11 4 4 4 2 2 ]
[ 2 2 2 2 2 2 2 2 2 2 2 2 2 1 ] [ 3 3 3 3 3 3 3 3 3 ] [ 11 6 4 2 2 2 ]
[ 2 2 2 2 2 2 2 2 2 2 2 2 2 1 ] [ 3 3 3 3 3 3 3 3 3 ] [ 11 8 2 2 2 2 ]
[ 2 2 2 2 2 2 2 2 2 2 2 2 2 1 ] [ 3 3 3 3 3 3 3 3 3 ] [ 13 4 4 2 2 2 ]
[ 2 2 2 2 2 2 2 2 2 2 2 2 2 1 ] [ 3 3 3 3 3 3 3 3 3 ] [ 13 6 2 2 2 2 ]
[ 2 2 2 2 2 2 2 2 2 2 2 2 2 1 ] [ 3 3 3 3 3 3 3 3 3 ] [ 15 4 2 2 2 2 ]
[ 2 2 2 2 2 2 2 2 2 2 2 2 2 1 ] [ 3 3 3 3 3 3 3 3 3 ] [ 17 2 2 2 2 2 ]
[ 2 2 2 2 2 2 2 2 2 2 2 2 2 1 ] [ 4 4 4 4 4 4 3 ] [ 6 3 3 3 3 3 3 3 ]
[ 2 2 2 2 2 2 2 2 2 2 2 2 2 1 ] [ 5 2 2 2 2 2 2 2 2 2 2 2 ] [ 9 9 9 ]
[ 2 2 2 2 2 2 2 2 2 2 2 2 2 1 ] [ 5 5 5 5 5 1 1 ] [ 6 3 3 3 3 3 3 3 ]
[ 2 2 2 2 2 2 2 2 2 2 2 2 2 1 ] [ 6 3 3 3 3 3 3 3 ] [ 11 4 4 2 2 2 2 ]
[ 2 2 2 2 2 2 2 2 2 2 2 2 2 1 ] [ 6 3 3 3 3 3 3 3 ] [ 11 6 2 2 2 2 2 ]
[ 2 2 2 2 2 2 2 2 2 2 2 2 2 1 ] [ 6 3 3 3 3 3 3 3 ] [ 13 4 2 2 2 2 2 ]
[ 2 2 2 2 2 2 2 2 2 2 2 2 2 1 ] [ 6 3 3 3 3 3 3 3 ] [ 15 2 2 2 2 2 2 ]
[ 2 2 2 2 2 2 2 2 2 2 2 2 2 1 ] [ 6 6 3 3 3 3 3 ] [ 11 4 2 2 2 2 2 2 ]
[ 2 2 2 2 2 2 2 2 2 2 2 2 2 1 ] [ 6 6 3 3 3 3 3 ] [ 13 2 2 2 2 2 2 2 ]
[ 2 2 2 2 2 2 2 2 2 2 2 2 2 1 ] [ 6 6 6 3 3 3 ] [ 11 2 2 2 2 2 2 2 2 ]
[ 2 2 2 2 2 2 2 2 2 2 2 2 2 1 ] [ 9 3 3 3 3 3 3 ] [ 11 4 2 2 2 2 2 2 ]
[ 2 2 2 2 2 2 2 2 2 2 2 2 2 1 ] [ 9 3 3 3 3 3 3 ] [ 13 2 2 2 2 2 2 2 ]
[ 2 2 2 2 2 2 2 2 2 2 2 2 2 1 ] [ 9 6 3 3 3 3 ] [ 11 2 2 2 2 2 2 2 2 ]
[ 2 2 2 2 2 2 2 2 2 2 2 2 2 1 ] [ 11 2 2 2 2 2 2 2 2 ] [ 12 3 3 3 3 3 ]
[ 3 2 2 2 2 2 2 2 2 2 2 2 2 ] [ 3 3 3 3 3 3 3 3 3 ] [ 4 4 4 4 4 4 3 ]
[ 3 2 2 2 2 2 2 2 2 2 2 2 2 ] [ 3 3 3 3 3 3 3 3 3 ] [ 5 5 5 5 5 1 1 ]
[ 3 2 2 2 2 2 2 2 2 2 2 2 2 ] [ 3 3 3 3 3 3 3 3 3 ] [ 11 4 4 2 2 2 2 ]
[ 3 2 2 2 2 2 2 2 2 2 2 2 2 ] [ 3 3 3 3 3 3 3 3 3 ] [ 11 6 2 2 2 2 2 ]
[ 3 2 2 2 2 2 2 2 2 2 2 2 2 ] [ 3 3 3 3 3 3 3 3 3 ] [ 13 4 2 2 2 2 2 ]
[ 3 2 2 2 2 2 2 2 2 2 2 2 2 ] [ 3 3 3 3 3 3 3 3 3 ] [ 15 2 2 2 2 2 2 ]
[ 3 2 2 2 2 2 2 2 2 2 2 2 2 ] [ 6 3 3 3 3 3 3 3 ] [ 11 4 2 2 2 2 2 2 ]
[ 3 2 2 2 2 2 2 2 2 2 2 2 2 ] [ 6 3 3 3 3 3 3 3 ] [ 13 2 2 2 2 2 2 2 ]
[ 3 2 2 2 2 2 2 2 2 2 2 2 2 ] [ 6 6 3 3 3 3 3 ] [ 11 2 2 2 2 2 2 2 2 ]
[ 3 2 2 2 2 2 2 2 2 2 2 2 2 ] [ 9 3 3 3 3 3 3 ] [ 11 2 2 2 2 2 2 2 2 ]
[ 3 3 3 3 3 3 3 3 3 ] [ 4 2 2 2 2 2 2 2 2 2 2 2 1 ] [ 4 4 4 4 4 4 3 ]
[ 3 3 3 3 3 3 3 3 3 ] [ 4 2 2 2 2 2 2 2 2 2 2 2 1 ] [ 5 5 5 5 5 1 1 ]
[ 3 3 3 3 3 3 3 3 3 ] [ 4 2 2 2 2 2 2 2 2 2 2 2 1 ] [ 11 4 4 2 2 2 2 ]
[ 3 3 3 3 3 3 3 3 3 ] [ 4 2 2 2 2 2 2 2 2 2 2 2 1 ] [ 11 6 2 2 2 2 2 ]
[ 3 3 3 3 3 3 3 3 3 ] [ 4 2 2 2 2 2 2 2 2 2 2 2 1 ] [ 13 4 2 2 2 2 2 ]
[ 3 3 3 3 3 3 3 3 3 ] [ 4 2 2 2 2 2 2 2 2 2 2 2 1 ] [ 15 2 2 2 2 2 2 ]
[ 3 3 3 3 3 3 3 3 3 ] [ 4 3 2 2 2 2 2 2 2 2 2 2 ] [ 11 4 2 2 2 2 2 2 ]
[ 3 3 3 3 3 3 3 3 3 ] [ 4 3 2 2 2 2 2 2 2 2 2 2 ] [ 13 2 2 2 2 2 2 2 ]
[ 3 3 3 3 3 3 3 3 3 ] [ 4 4 2 2 2 2 2 2 2 2 2 1 ] [ 11 4 2 2 2 2 2 2 ]
[ 3 3 3 3 3 3 3 3 3 ] [ 4 4 2 2 2 2 2 2 2 2 2 1 ] [ 13 2 2 2 2 2 2 2 ]
[ 3 3 3 3 3 3 3 3 3 ] [ 4 4 3 2 2 2 2 2 2 2 2 ] [ 11 2 2 2 2 2 2 2 2 ]
[ 3 3 3 3 3 3 3 3 3 ] [ 4 4 4 2 2 2 2 2 2 2 1 ] [ 11 2 2 2 2 2 2 2 2 ]
[ 3 3 3 3 3 3 3 3 3 ] [ 5 2 2 2 2 2 2 2 2 2 2 2 ] [ 11 4 2 2 2 2 2 2 ]
[ 3 3 3 3 3 3 3 3 3 ] [ 5 2 2 2 2 2 2 2 2 2 2 2 ] [ 13 2 2 2 2 2 2 2 ]
[ 3 3 3 3 3 3 3 3 3 ] [ 5 4 2 2 2 2 2 2 2 2 2 ] [ 11 2 2 2 2 2 2 2 2 ]
[ 3 3 3 3 3 3 3 3 3 ] [ 6 2 2 2 2 2 2 2 2 2 2 1 ] [ 11 4 2 2 2 2 2 2 ]
[ 3 3 3 3 3 3 3 3 3 ] [ 6 2 2 2 2 2 2 2 2 2 2 1 ] [ 13 2 2 2 2 2 2 2 ]
[ 3 3 3 3 3 3 3 3 3 ] [ 6 3 2 2 2 2 2 2 2 2 2 ] [ 11 2 2 2 2 2 2 2 2 ]
[ 3 3 3 3 3 3 3 3 3 ] [ 6 4 2 2 2 2 2 2 2 2 1 ] [ 11 2 2 2 2 2 2 2 2 ]
[ 3 3 3 3 3 3 3 3 3 ] [ 7 2 2 2 2 2 2 2 2 2 2 ] [ 11 2 2 2 2 2 2 2 2 ]
[ 3 3 3 3 3 3 3 3 3 ] [ 8 2 2 2 2 2 2 2 2 2 1 ] [ 11 2 2 2 2 2 2 2 2 ]
[ 4 2 2 2 2 2 2 2 2 2 2 2 1 ] [ 6 3 3 3 3 3 3 3 ] [ 11 4 2 2 2 2 2 2 ]
[ 4 2 2 2 2 2 2 2 2 2 2 2 1 ] [ 6 3 3 3 3 3 3 3 ] [ 13 2 2 2 2 2 2 2 ]
[ 4 2 2 2 2 2 2 2 2 2 2 2 1 ] [ 6 6 3 3 3 3 3 ] [ 11 2 2 2 2 2 2 2 2 ]
[ 4 2 2 2 2 2 2 2 2 2 2 2 1 ] [ 9 3 3 3 3 3 3 ] [ 11 2 2 2 2 2 2 2 2 ]
[ 4 3 2 2 2 2 2 2 2 2 2 2 ] [ 6 3 3 3 3 3 3 3 ] [ 11 2 2 2 2 2 2 2 2 ]
[ 4 4 2 2 2 2 2 2 2 2 2 1 ] [ 6 3 3 3 3 3 3 3 ] [ 11 2 2 2 2 2 2 2 2 ]
[ 5 2 2 2 2 2 2 2 2 2 2 2 ] [ 6 3 3 3 3 3 3 3 ] [ 11 2 2 2 2 2 2 2 2 ]
[ 6 2 2 2 2 2 2 2 2 2 2 1 ] [ 6 3 3 3 3 3 3 3 ] [ 11 2 2 2 2 2 2 2 2 ]

=== End of Results ===
